,BS_S_BK_,LD_S_dis_,TOS_F_,BJ_LT_,BS_F_LT_,BA_R_WA_,SS_S_RT_,TF_F_,FR_R_NA_,AS_L_NA_,TR_S_,SYN_B_,BA_R_NA_,SB_R_WA_,SS_S_LT_,BS_F_FT_,BS_S_FT_,BSS_F_FT_,LU_F_big_,SYN_K_,BBS_F_BK_,BSS_S_FT_,SS_F_FT_,BBS_F_FT_,BS_F_RT_,BBS_S_FT_,BS_S_RT_,CH_,SJ_FT_,LD_S_small_,LU_S_dis_,LU_F_dis_,SJ_LT_,TB_F_FB_,TOS_S_,AS_L_WA_,LD_F_dis_,TL_S_,BJ_RT_,RV_R_S_,SS_F_BK_,SJ_RT_,BSS_F_BK_,TB_S_FB_,BBS_S_BK_,SJ_BK_,BS_F_BK_,SS_F_LT_,EF_,AR_,LU_S_big_,BSS_S_BK_,RV_R_F_,UP,CU_R_NA_,TL_F_,SYN_R_,SS_S_FT_,TB_S_,CU_R_WA_,SYN_S_,TF_S_,BS_S_LT_,SS_F_RT_,FR_R_WA_,LD_F_small_,SB_R_NA_,SS_S_BK_,SYN_U_,BJ_BK_,TA_,TR_F_,BJ_FT_
BS_S_BK_,1.0,0.076,0.183,0.147,0.262,0.124,0.179,0.125,0.177,0.153,0.107,0.108,0.191,0.14,0.228,0.187,,,0.153,0.124,0.124,0.172,,0.157,0.223,0.109,0.169,0.198,0.221,0.064,0.089,0.116,0.133,0.144,0.129,0.14,0.095,0.101,0.206,0.084,,0.119,,0.1,0.107,0.156,0.302,0.262,0.19,0.219,0.07,0.141,0.104,0.051,0.072,0.143,0.227,0.134,0.057,0.139,0.178,0.114,0.279,0.261,0.137,0.207,0.146,0.172,0.117,0.223,0.16,0.104,0.157
LD_S_dis_,0.076,1.0,0.058,0.092,0.081,0.047,0.139,0.073,0.149,0.104,0.164,0.052,0.085,0.138,0.138,0.055,,,0.06,0.052,0.067,0.108,,0.096,0.102,0.132,0.144,0.141,0.091,0.211,0.222,0.077,0.072,0.055,0.127,0.166,0.249,0.152,0.06,0.143,,0.057,,0.143,0.08,0.081,0.061,0.09,0.202,0.126,0.182,0.051,0.153,0.16,0.152,0.107,0.146,0.197,0.155,0.191,0.119,0.184,0.125,0.068,0.17,0.075,0.053,0.142,0.148,0.092,0.103,0.094,0.109
TOS_F_,0.183,0.058,1.0,0.146,0.131,0.181,0.148,0.219,0.157,0.137,0.184,0.111,0.112,0.11,0.177,0.166,,,0.114,0.086,0.15,0.149,,0.12,0.121,0.169,0.176,0.103,0.164,0.081,0.062,0.093,0.159,0.208,0.225,0.129,0.088,0.151,0.134,0.05,,0.13,,0.162,0.113,0.143,0.138,0.173,0.191,0.145,0.115,0.145,0.114,0.072,0.094,0.23,0.151,0.147,0.088,0.092,0.124,0.166,0.249,0.195,0.103,0.168,0.102,0.103,0.08,0.15,0.161,0.17,0.211
BJ_LT_,0.147,0.092,0.146,1.0,0.196,0.165,0.122,0.159,0.145,0.187,0.15,0.137,0.204,0.146,0.189,0.186,,,0.186,0.127,0.13,0.191,,0.143,0.173,0.179,0.145,0.144,0.186,0.084,0.084,0.174,0.244,0.159,0.156,0.16,0.118,0.125,0.156,0.083,,0.166,,0.141,0.179,0.194,0.167,0.167,0.207,0.226,0.101,0.172,0.138,0.102,0.129,0.134,0.155,0.096,0.063,0.083,0.14,0.137,0.207,0.148,0.177,0.134,0.125,0.152,0.103,0.192,0.136,0.144,0.209
BS_F_LT_,0.262,0.081,0.131,0.196,1.0,0.173,0.187,0.159,0.164,0.187,0.158,0.23,0.208,0.174,0.172,0.271,,,0.161,0.181,0.124,0.154,,0.208,0.236,0.146,0.167,0.172,0.19,0.094,0.058,0.187,0.195,0.144,0.158,0.193,0.069,0.153,0.182,0.078,,0.164,,0.102,0.16,0.225,0.234,0.226,0.273,0.112,0.094,0.17,0.118,0.082,0.102,0.209,0.23,0.137,0.057,0.12,0.215,0.084,0.27,0.193,0.135,0.186,0.166,0.172,0.135,0.224,0.135,0.139,0.151
BA_R_WA_,0.124,0.047,0.181,0.165,0.173,1.0,0.14,0.121,0.097,0.202,0.128,0.1,0.242,0.186,0.105,0.16,,,0.077,0.096,0.093,0.135,,0.152,0.174,0.182,0.143,0.182,0.139,0.091,0.109,0.178,0.123,0.179,0.159,0.19,0.1,0.126,0.099,0.1,,0.132,,0.189,0.133,0.108,0.146,0.151,0.191,0.16,0.102,0.157,0.126,0.093,0.136,0.157,0.175,0.189,0.101,0.136,0.131,0.139,0.17,0.111,0.166,0.104,0.205,0.148,0.15,0.125,0.218,0.174,0.162
SS_S_RT_,0.179,0.139,0.148,0.122,0.187,0.14,1.0,0.134,0.187,0.203,0.211,0.149,0.156,0.15,0.296,0.15,,,0.165,0.061,0.092,0.141,,0.103,0.225,0.136,0.227,0.203,0.187,0.112,0.115,0.143,0.096,0.128,0.169,0.171,0.135,0.161,0.144,0.117,,0.153,,0.095,0.121,0.168,0.147,0.228,0.227,0.156,0.16,0.057,0.133,0.084,0.153,0.148,0.213,0.213,0.085,0.152,0.227,0.121,0.245,0.227,0.136,0.076,0.142,0.278,0.17,0.169,0.149,0.162,0.171
TF_F_,0.125,0.073,0.219,0.159,0.159,0.121,0.134,1.0,0.198,0.218,0.133,0.135,0.149,0.138,0.158,0.172,,,0.126,0.092,0.163,0.165,,0.129,0.187,0.214,0.149,0.154,0.197,0.08,0.109,0.173,0.14,0.254,0.163,0.123,0.136,0.192,0.147,0.091,,0.187,,0.166,0.136,0.148,0.088,0.141,0.146,0.19,0.054,0.169,0.131,0.073,0.15,0.265,0.131,0.152,0.099,0.126,0.123,0.222,0.184,0.078,0.161,0.106,0.112,0.169,0.11,0.161,0.15,0.167,0.18
FR_R_NA_,0.177,0.149,0.157,0.145,0.164,0.097,0.187,0.198,1.0,0.199,0.189,0.121,0.21,0.2,0.128,0.109,,,0.102,0.111,0.125,0.245,,0.188,0.19,0.322,0.162,0.189,0.168,0.15,0.115,0.141,0.075,0.169,0.214,0.253,0.227,0.163,0.121,0.12,,0.09,,0.167,0.15,0.209,0.149,0.183,0.225,0.214,0.182,0.198,0.164,0.125,0.235,0.18,0.192,0.191,0.137,0.235,0.172,0.151,0.183,0.091,0.317,0.101,0.189,0.216,0.161,0.181,0.157,0.14,0.177
AS_L_NA_,0.153,0.104,0.137,0.187,0.187,0.202,0.203,0.218,0.199,1.0,0.149,0.086,0.207,0.203,0.136,0.17,,,0.126,0.122,0.182,0.215,,0.155,0.228,0.232,0.211,0.226,0.205,0.103,0.088,0.17,0.184,0.134,0.131,0.262,0.16,0.192,0.147,0.099,,0.141,,0.152,0.171,0.146,0.113,0.172,0.2,0.107,0.145,0.163,0.117,0.08,0.189,0.146,0.172,0.233,0.117,0.172,0.126,0.125,0.239,0.144,0.242,0.111,0.192,0.186,0.117,0.202,0.187,0.172,0.231
TR_S_,0.107,0.164,0.184,0.15,0.158,0.128,0.211,0.133,0.189,0.149,1.0,0.131,0.2,0.195,0.206,0.134,,,0.115,0.083,0.081,0.171,,0.117,0.167,0.173,0.191,0.198,0.205,0.151,0.132,0.105,0.138,0.11,0.189,0.205,0.115,0.188,0.101,0.163,,0.111,,0.175,0.177,0.189,0.153,0.139,0.201,0.128,0.177,0.142,0.169,0.116,0.209,0.145,0.159,0.2,0.123,0.209,0.14,0.225,0.163,0.104,0.194,0.099,0.172,0.146,0.135,0.13,0.143,0.258,0.14
SYN_B_,0.108,0.052,0.111,0.137,0.23,0.1,0.149,0.135,0.121,0.086,0.131,1.0,0.185,0.084,0.152,0.131,,,0.143,0.153,0.084,0.208,,0.172,0.175,0.2,0.126,0.132,0.142,0.059,0.064,0.204,0.127,0.08,0.1,0.098,0.091,0.084,0.061,0.061,,0.09,,0.091,0.086,0.093,0.167,0.182,0.099,0.09,0.06,0.074,0.121,0.033,0.067,0.119,0.129,0.183,0.03,0.086,0.109,0.1,0.133,0.14,0.095,0.161,0.096,0.135,0.07,0.051,0.129,0.126,0.095
BA_R_NA_,0.191,0.085,0.112,0.204,0.208,0.242,0.156,0.149,0.21,0.207,0.2,0.185,1.0,0.166,0.191,0.185,,,0.116,0.121,0.163,0.202,,0.217,0.278,0.195,0.173,0.23,0.183,0.107,0.105,0.193,0.164,0.159,0.174,0.252,0.122,0.161,0.19,0.096,,0.166,,0.15,0.211,0.194,0.13,0.204,0.196,0.188,0.133,0.195,0.149,0.068,0.161,0.167,0.212,0.176,0.081,0.162,0.154,0.124,0.154,0.168,0.177,0.155,0.192,0.16,0.134,0.179,0.178,0.176,0.222
SB_R_WA_,0.14,0.138,0.11,0.146,0.174,0.186,0.15,0.138,0.2,0.203,0.195,0.084,0.166,1.0,0.175,0.108,,,0.098,0.1,0.091,0.168,,0.092,0.15,0.186,0.142,0.169,0.104,0.127,0.105,0.163,0.08,0.146,0.151,0.227,0.131,0.15,0.076,0.143,,0.114,,0.174,0.134,0.091,0.103,0.146,0.201,0.163,0.184,0.159,0.193,0.112,0.206,0.133,0.208,0.188,0.146,0.226,0.172,0.167,0.144,0.095,0.172,0.087,0.285,0.188,0.147,0.103,0.174,0.115,0.141
SS_S_LT_,0.228,0.138,0.177,0.189,0.172,0.105,0.296,0.158,0.128,0.136,0.206,0.152,0.191,0.175,1.0,0.21,,,0.125,0.107,0.109,0.158,,0.113,0.243,0.139,0.233,0.225,0.175,0.145,0.113,0.15,0.155,0.16,0.166,0.18,0.144,0.159,0.191,0.113,,0.178,,0.153,0.147,0.193,0.204,0.218,0.245,0.154,0.114,0.127,0.161,0.094,0.152,0.152,0.222,0.223,0.075,0.133,0.216,0.151,0.249,0.199,0.152,0.11,0.145,0.272,0.154,0.192,0.189,0.189,0.187
BS_F_FT_,0.187,0.055,0.166,0.186,0.271,0.16,0.15,0.172,0.109,0.17,0.134,0.131,0.185,0.108,0.21,1.0,,,0.179,0.12,0.099,0.079,,0.116,0.21,0.065,0.177,0.122,0.162,0.079,0.06,0.116,0.203,0.162,0.096,0.098,0.107,0.09,0.183,0.104,,0.142,,0.119,0.086,0.149,0.253,0.291,0.204,0.098,0.092,0.091,0.092,0.067,0.109,0.186,0.192,0.173,0.068,0.059,0.135,0.135,0.272,0.187,0.132,0.194,0.143,0.161,0.073,0.159,0.167,0.174,0.23
BS_S_FT_,0.209,0.164,0.171,0.163,0.233,0.192,0.253,0.165,0.191,0.17,0.224,0.128,0.202,0.191,0.234,0.294,,,0.132,0.1,0.114,0.214,,0.105,0.244,0.12,0.253,0.178,0.177,0.152,0.12,0.204,0.147,0.147,0.165,0.213,0.183,0.186,0.134,0.126,,0.145,,0.122,0.126,0.198,0.213,0.241,0.221,0.18,0.138,0.142,0.159,0.074,0.165,0.17,0.228,0.25,0.095,0.162,0.201,0.163,0.247,0.154,0.166,0.1,0.172,0.224,0.13,0.197,0.204,0.175,0.218
BSS_F_FT_,0.095,0.06,0.099,0.093,0.134,0.097,0.093,0.124,0.097,0.153,0.073,0.196,0.116,0.073,0.082,0.143,,,0.141,0.125,0.201,0.217,,0.324,0.09,0.11,0.101,0.133,0.04,0.05,0.065,0.125,0.168,0.102,0.1,0.108,0.056,0.085,0.167,0.066,,0.13,,0.067,0.24,0.141,0.14,0.114,0.086,0.114,0.047,0.222,0.093,0.051,0.096,0.101,0.102,0.127,0.039,0.08,0.047,0.069,0.091,0.177,0.137,0.14,0.065,0.078,0.058,0.173,0.082,0.111,0.104
LU_F_big_,0.153,0.06,0.114,0.186,0.161,0.077,0.165,0.126,0.102,0.126,0.115,0.143,0.116,0.098,0.125,0.179,,,1.0,0.147,0.116,0.188,,0.145,0.181,0.094,0.115,0.098,0.135,0.05,0.065,0.164,0.168,0.091,0.115,0.123,0.082,0.08,0.13,0.069,,0.106,,0.079,0.15,0.141,0.201,0.16,0.129,0.114,0.108,0.115,0.075,0.046,0.095,0.174,0.115,0.089,0.056,0.07,0.089,0.094,0.172,0.202,0.13,0.317,0.103,0.1,0.076,0.09,0.131,0.135,0.124
SYN_K_,0.124,0.052,0.086,0.127,0.181,0.096,0.061,0.092,0.111,0.122,0.083,0.153,0.121,0.1,0.107,0.12,,,0.147,1.0,0.225,0.177,,0.156,0.163,0.143,0.087,0.104,0.186,0.059,0.017,0.165,0.163,0.12,0.069,0.117,0.056,0.061,0.135,0.047,,0.122,,0.088,0.117,0.059,0.162,0.163,0.146,0.094,0.075,0.204,0.087,0.041,0.099,0.092,0.096,0.111,0.034,0.073,0.071,0.074,0.139,0.103,0.091,0.12,0.117,0.09,0.075,0.135,0.105,0.09,0.153
BBS_F_BK_,0.124,0.067,0.15,0.13,0.124,0.093,0.092,0.163,0.125,0.182,0.081,0.084,0.163,0.091,0.109,0.099,,,0.116,0.225,1.0,0.176,,0.295,0.192,0.209,0.149,0.176,0.187,0.066,0.086,0.144,0.119,0.148,0.066,0.071,0.094,0.071,0.157,0.076,,0.185,,0.104,0.262,0.175,0.131,0.115,0.098,0.18,0.071,0.303,0.088,0.027,0.097,0.162,0.115,0.104,0.072,0.089,0.079,0.08,0.107,0.125,0.115,0.121,0.126,0.089,0.046,0.124,0.102,0.109,0.205
BSS_S_FT_,0.172,0.108,0.149,0.191,0.154,0.135,0.141,0.165,0.245,0.215,0.171,0.208,0.202,0.168,0.158,0.079,,,0.188,0.177,0.176,1.0,,0.288,0.173,0.327,0.177,0.264,0.167,0.093,0.065,0.22,0.154,0.2,0.128,0.164,0.129,0.152,0.174,0.085,,0.146,,0.149,0.232,0.214,0.159,0.18,0.164,0.248,0.098,0.253,0.162,0.103,0.176,0.172,0.191,0.198,0.119,0.176,0.136,0.148,0.195,0.155,0.188,0.159,0.197,0.129,0.069,0.196,0.171,0.201,0.266
SS_F_FT_,0.246,0.053,0.193,0.157,0.201,0.108,0.13,0.109,0.131,0.115,0.087,0.145,0.122,0.091,0.167,0.181,,,0.142,0.149,0.117,0.059,,0.16,0.156,0.081,0.123,0.061,0.226,0.069,0.045,0.118,0.189,0.103,0.094,0.111,0.082,0.088,0.176,0.041,,0.168,,0.085,0.08,0.161,0.291,0.275,0.172,0.138,0.066,0.095,0.073,0.042,0.059,0.126,0.154,0.087,0.047,0.07,0.111,0.079,0.194,0.178,0.087,0.098,0.102,0.14,0.054,0.167,0.089,0.09,0.172
BBS_F_FT_,0.157,0.096,0.12,0.143,0.208,0.152,0.103,0.129,0.188,0.155,0.117,0.172,0.217,0.092,0.113,0.116,,,0.145,0.156,0.295,0.288,,1.0,0.198,0.189,0.088,0.129,0.153,0.053,0.125,0.193,0.197,0.109,0.101,0.107,0.087,0.123,0.122,0.046,,0.182,,0.105,0.249,0.15,0.17,0.19,0.168,0.189,0.097,0.231,0.074,0.042,0.137,0.205,0.126,0.114,0.036,0.142,0.081,0.103,0.111,0.159,0.129,0.118,0.124,0.124,0.063,0.173,0.123,0.111,0.146
BS_F_RT_,0.223,0.102,0.121,0.173,0.236,0.174,0.225,0.187,0.19,0.228,0.167,0.175,0.278,0.15,0.243,0.21,,,0.181,0.163,0.192,0.173,,0.198,1.0,0.121,0.212,0.167,0.198,0.082,0.101,0.134,0.162,0.14,0.174,0.187,0.114,0.167,0.194,0.122,,0.24,,0.135,0.168,0.217,0.138,0.194,0.225,0.142,0.096,0.186,0.154,0.089,0.131,0.174,0.19,0.189,0.079,0.123,0.213,0.124,0.227,0.286,0.153,0.139,0.179,0.185,0.15,0.188,0.229,0.17,0.198
BBS_S_FT_,0.109,0.132,0.169,0.179,0.146,0.182,0.136,0.214,0.322,0.232,0.173,0.2,0.195,0.186,0.139,0.065,,,0.094,0.143,0.209,0.327,,0.189,0.121,1.0,0.129,0.231,0.13,0.125,0.132,0.174,0.145,0.166,0.15,0.159,0.211,0.169,0.131,0.065,,0.197,,0.162,0.16,0.175,0.073,0.164,0.162,0.152,0.126,0.301,0.14,0.081,0.202,0.166,0.156,0.154,0.122,0.188,0.112,0.142,0.169,0.079,0.237,0.139,0.152,0.179,0.115,0.218,0.098,0.172,0.152
BS_S_RT_,0.169,0.144,0.176,0.145,0.167,0.143,0.227,0.149,0.162,0.211,0.191,0.126,0.173,0.142,0.233,0.177,,,0.115,0.087,0.149,0.177,,0.088,0.212,0.129,1.0,0.23,0.136,0.147,0.14,0.133,0.125,0.126,0.176,0.19,0.17,0.226,0.162,0.138,,0.134,,0.146,0.156,0.158,0.113,0.15,0.23,0.19,0.168,0.103,0.174,0.12,0.198,0.167,0.209,0.242,0.111,0.182,0.181,0.169,0.204,0.15,0.138,0.129,0.185,0.215,0.137,0.143,0.209,0.171,0.184
CH_,0.198,0.141,0.103,0.144,0.172,0.182,0.203,0.154,0.189,0.226,0.198,0.132,0.23,0.169,0.225,0.122,,,0.098,0.104,0.176,0.264,,0.129,0.167,0.231,0.23,1.0,0.122,0.137,0.107,0.121,0.103,0.116,0.18,0.199,0.178,0.228,0.153,0.139,,0.154,,0.14,0.136,0.192,0.147,0.168,0.198,0.196,0.168,0.133,0.183,0.117,0.227,0.176,0.171,0.221,0.11,0.201,0.185,0.147,0.16,0.125,0.17,0.116,0.14,0.235,0.121,0.179,0.16,0.159,0.18
SJ_FT_,0.221,0.091,0.164,0.186,0.19,0.139,0.187,0.197,0.168,0.205,0.205,0.142,0.183,0.104,0.175,0.162,,,0.135,0.186,0.187,0.167,,0.153,0.198,0.13,0.136,0.122,1.0,0.093,0.086,0.148,0.211,0.178,0.12,0.148,0.137,0.118,0.185,0.06,,0.185,,0.084,0.153,0.259,0.198,0.178,0.183,0.164,0.073,0.177,0.122,0.04,0.1,0.151,0.154,0.165,0.05,0.118,0.155,0.131,0.195,0.147,0.135,0.17,0.129,0.119,0.081,0.143,0.197,0.107,0.259
LD_S_small_,0.064,0.211,0.081,0.084,0.094,0.091,0.112,0.08,0.15,0.103,0.151,0.059,0.107,0.127,0.145,0.079,,,0.05,0.059,0.066,0.093,,0.053,0.082,0.125,0.147,0.137,0.093,1.0,0.178,0.093,0.072,0.063,0.136,0.091,0.203,0.146,0.043,0.146,,0.071,,0.11,0.095,0.079,0.099,0.088,0.187,0.129,0.249,0.082,0.111,0.139,0.205,0.063,0.14,0.161,0.166,0.21,0.108,0.112,0.069,0.065,0.141,0.071,0.135,0.139,0.17,0.081,0.339,0.073,0.112
LU_S_dis_,0.089,0.222,0.062,0.084,0.058,0.109,0.115,0.109,0.115,0.088,0.132,0.064,0.105,0.105,0.113,0.06,,,0.065,0.017,0.086,0.065,,0.125,0.101,0.132,0.14,0.107,0.086,0.178,1.0,0.168,0.062,0.086,0.148,0.131,0.21,0.177,0.078,0.095,,0.039,,0.115,0.123,0.093,0.057,0.097,0.152,0.144,0.186,0.098,0.15,0.122,0.163,0.093,0.152,0.176,0.148,0.174,0.13,0.119,0.149,0.092,0.118,0.098,0.098,0.101,0.066,0.112,0.113,0.105,0.08
LU_F_dis_,0.116,0.077,0.093,0.174,0.187,0.178,0.143,0.173,0.141,0.17,0.105,0.204,0.193,0.163,0.15,0.116,,,0.164,0.165,0.144,0.22,,0.193,0.134,0.174,0.133,0.121,0.148,0.093,0.168,1.0,0.118,0.154,0.13,0.13,0.134,0.125,0.142,0.062,,0.096,,0.159,0.164,0.168,0.103,0.142,0.145,0.183,0.117,0.172,0.11,0.081,0.114,0.196,0.185,0.158,0.08,0.095,0.122,0.082,0.21,0.143,0.143,0.157,0.123,0.155,0.073,0.203,0.136,0.121,0.164
SJ_LT_,0.133,0.072,0.159,0.244,0.195,0.123,0.096,0.14,0.075,0.184,0.138,0.127,0.164,0.08,0.155,0.203,,,0.168,0.163,0.119,0.154,,0.197,0.162,0.145,0.125,0.103,0.211,0.072,0.062,0.118,1.0,0.191,0.18,0.089,0.098,0.109,0.192,0.065,,0.105,,0.085,0.141,0.129,0.181,0.124,0.162,0.148,0.093,0.136,0.099,0.046,0.124,0.161,0.119,0.099,0.061,0.088,0.132,0.113,0.188,0.154,0.141,0.14,0.071,0.082,0.087,0.126,0.191,0.118,0.211
TB_F_FB_,0.144,0.055,0.208,0.159,0.144,0.179,0.128,0.254,0.169,0.134,0.11,0.08,0.159,0.146,0.16,0.162,,,0.091,0.12,0.148,0.2,,0.109,0.14,0.166,0.126,0.116,0.178,0.063,0.086,0.154,0.191,1.0,0.142,0.153,0.101,0.145,0.153,0.084,,0.194,,0.26,0.195,0.132,0.094,0.163,0.168,0.093,0.08,0.151,0.113,0.047,0.14,0.156,0.151,0.121,0.13,0.112,0.085,0.141,0.218,0.088,0.153,0.135,0.164,0.125,0.091,0.161,0.144,0.133,0.168
TOS_S_,0.129,0.127,0.225,0.156,0.158,0.159,0.169,0.163,0.214,0.131,0.189,0.1,0.174,0.151,0.166,0.096,,,0.115,0.069,0.066,0.128,,0.101,0.174,0.15,0.176,0.18,0.12,0.136,0.148,0.13,0.18,0.142,1.0,0.125,0.116,0.224,0.127,0.119,,0.086,,0.178,0.081,0.154,0.108,0.119,0.222,0.138,0.157,0.119,0.131,0.115,0.162,0.155,0.18,0.148,0.109,0.189,0.188,0.227,0.149,0.125,0.145,0.093,0.127,0.205,0.1,0.158,0.112,0.145,0.113
AS_L_WA_,0.14,0.166,0.129,0.16,0.193,0.19,0.171,0.123,0.253,0.262,0.205,0.098,0.252,0.227,0.18,0.098,,,0.123,0.117,0.071,0.164,,0.107,0.187,0.159,0.19,0.199,0.148,0.091,0.131,0.13,0.089,0.153,0.125,1.0,0.171,0.165,0.117,0.129,,0.162,,0.166,0.185,0.146,0.146,0.142,0.232,0.11,0.161,0.181,0.146,0.108,0.231,0.151,0.178,0.218,0.111,0.193,0.186,0.151,0.143,0.148,0.216,0.088,0.157,0.196,0.175,0.159,0.13,0.141,0.142
LD_F_dis_,0.095,0.249,0.088,0.118,0.069,0.1,0.135,0.136,0.227,0.16,0.115,0.091,0.122,0.131,0.144,0.107,,,0.082,0.056,0.094,0.129,,0.087,0.114,0.211,0.17,0.178,0.137,0.203,0.21,0.134,0.098,0.101,0.116,0.171,1.0,0.199,0.103,0.11,,0.098,,0.178,0.128,0.125,0.078,0.085,0.154,0.142,0.183,0.115,0.083,0.121,0.223,0.125,0.174,0.16,0.165,0.19,0.117,0.198,0.138,0.095,0.202,0.074,0.194,0.231,0.148,0.147,0.097,0.111,0.165
TL_S_,0.101,0.152,0.151,0.125,0.153,0.126,0.161,0.192,0.163,0.192,0.188,0.084,0.161,0.15,0.159,0.09,,,0.08,0.061,0.071,0.152,,0.123,0.167,0.169,0.226,0.228,0.118,0.146,0.177,0.125,0.109,0.145,0.224,0.165,0.199,1.0,0.092,0.127,,0.092,,0.184,0.124,0.108,0.084,0.108,0.196,0.15,0.146,0.104,0.16,0.106,0.2,0.24,0.169,0.189,0.167,0.18,0.16,0.265,0.167,0.104,0.176,0.098,0.145,0.198,0.125,0.146,0.121,0.114,0.129
BJ_RT_,0.206,0.06,0.134,0.156,0.182,0.099,0.144,0.147,0.121,0.147,0.101,0.061,0.19,0.076,0.191,0.183,,,0.13,0.135,0.157,0.174,,0.122,0.194,0.131,0.162,0.153,0.185,0.043,0.078,0.142,0.192,0.153,0.127,0.117,0.103,0.092,1.0,0.086,,0.23,,0.062,0.209,0.15,0.132,0.15,0.145,0.132,0.051,0.207,0.127,0.051,0.094,0.141,0.148,0.134,0.065,0.111,0.12,0.095,0.187,0.175,0.166,0.113,0.075,0.125,0.105,0.173,0.099,0.14,0.214
RV_R_S_,0.084,0.143,0.05,0.083,0.078,0.1,0.117,0.091,0.12,0.099,0.163,0.061,0.096,0.143,0.113,0.104,,,0.069,0.047,0.076,0.085,,0.046,0.122,0.065,0.138,0.139,0.06,0.146,0.095,0.062,0.065,0.084,0.119,0.129,0.11,0.127,0.086,1.0,,0.054,,0.107,0.088,0.105,0.054,0.076,0.181,0.07,0.16,0.067,0.206,0.125,0.152,0.082,0.105,0.146,0.146,0.201,0.11,0.147,0.1,0.105,0.122,0.046,0.116,0.129,0.094,0.078,0.088,0.081,0.087
SS_F_BK_,0.283,0.052,0.218,0.113,0.208,0.152,0.161,0.11,0.117,0.139,0.107,0.15,0.203,0.108,0.191,0.225,,,0.166,0.175,0.146,0.106,,0.147,0.168,0.118,0.116,0.199,0.194,0.114,0.045,0.128,0.162,0.125,0.095,0.136,0.092,0.109,0.157,0.055,,0.208,,0.109,0.111,0.188,0.28,0.203,0.189,0.167,0.091,0.122,0.075,0.068,0.071,0.153,0.191,0.145,0.072,0.092,0.138,0.071,0.132,0.245,0.095,0.133,0.12,0.103,0.074,0.158,0.22,0.097,0.13
SJ_RT_,0.119,0.057,0.13,0.166,0.164,0.132,0.153,0.187,0.09,0.141,0.111,0.09,0.166,0.114,0.178,0.142,,,0.106,0.122,0.185,0.146,,0.182,0.24,0.197,0.134,0.154,0.185,0.071,0.039,0.096,0.105,0.194,0.086,0.162,0.098,0.092,0.23,0.054,,1.0,,0.087,0.116,0.22,0.138,0.209,0.139,0.154,0.05,0.14,0.134,0.054,0.103,0.097,0.116,0.116,0.036,0.15,0.124,0.099,0.201,0.201,0.159,0.105,0.122,0.147,0.068,0.194,0.131,0.147,0.169
BSS_F_BK_,0.065,0.062,0.074,0.101,0.134,0.094,0.041,0.111,0.062,0.134,0.063,0.195,0.129,0.066,0.05,0.092,,,0.098,0.135,0.25,0.126,,0.23,0.109,0.061,0.075,0.088,0.165,0.016,0.036,0.155,0.115,0.169,0.048,0.114,0.086,0.067,0.046,0.023,,0.147,,0.111,0.135,0.104,0.139,0.169,0.044,0.094,0.043,0.143,0.057,0.021,0.049,0.094,0.067,0.077,0.025,0.061,0.076,0.062,0.124,0.104,0.125,0.112,0.075,0.044,0.049,0.103,0.049,0.123,0.116
TB_S_FB_,0.1,0.143,0.162,0.141,0.102,0.189,0.095,0.166,0.167,0.152,0.175,0.091,0.15,0.174,0.153,0.119,,,0.079,0.088,0.104,0.149,,0.105,0.135,0.162,0.146,0.14,0.084,0.11,0.115,0.159,0.085,0.26,0.178,0.166,0.178,0.184,0.062,0.107,,0.087,,1.0,0.139,0.123,0.062,0.127,0.105,0.117,0.146,0.162,0.148,0.125,0.135,0.177,0.15,0.154,0.479,0.157,0.1,0.179,0.155,0.074,0.196,0.098,0.178,0.209,0.125,0.173,0.144,0.125,0.101
BBS_S_BK_,0.107,0.08,0.113,0.179,0.16,0.133,0.121,0.136,0.15,0.171,0.177,0.086,0.211,0.134,0.147,0.086,,,0.15,0.117,0.262,0.232,,0.249,0.168,0.16,0.156,0.136,0.153,0.095,0.123,0.164,0.141,0.195,0.081,0.185,0.128,0.124,0.209,0.088,,0.116,,0.139,1.0,0.217,0.083,0.115,0.18,0.156,0.111,0.238,0.119,0.088,0.209,0.186,0.133,0.153,0.121,0.186,0.12,0.097,0.193,0.152,0.192,0.203,0.141,0.139,0.127,0.189,0.159,0.166,0.153
SJ_BK_,0.156,0.081,0.143,0.194,0.225,0.108,0.168,0.148,0.209,0.146,0.189,0.093,0.194,0.091,0.193,0.149,,,0.141,0.059,0.175,0.214,,0.15,0.217,0.175,0.158,0.192,0.259,0.079,0.093,0.168,0.129,0.132,0.154,0.146,0.125,0.108,0.15,0.105,,0.22,,0.123,0.217,1.0,0.178,0.204,0.188,0.141,0.1,0.153,0.139,0.074,0.108,0.141,0.164,0.183,0.073,0.111,0.164,0.148,0.155,0.189,0.216,0.163,0.136,0.169,0.122,0.24,0.11,0.213,0.222
BS_F_BK_,0.302,0.061,0.138,0.167,0.234,0.146,0.147,0.088,0.149,0.113,0.153,0.167,0.13,0.103,0.204,0.253,,,0.201,0.162,0.131,0.159,,0.17,0.138,0.073,0.113,0.147,0.198,0.099,0.057,0.103,0.181,0.094,0.108,0.146,0.078,0.084,0.132,0.054,,0.138,,0.062,0.083,0.178,1.0,0.275,0.169,0.167,0.106,0.139,0.078,0.057,0.063,0.16,0.139,0.128,0.062,0.081,0.154,0.076,0.177,0.231,0.115,0.19,0.089,0.179,0.075,0.192,0.182,0.13,0.134
SS_F_LT_,0.262,0.09,0.173,0.167,0.226,0.151,0.228,0.141,0.183,0.172,0.139,0.182,0.204,0.146,0.218,0.291,,,0.16,0.163,0.115,0.18,,0.19,0.194,0.164,0.15,0.168,0.178,0.088,0.097,0.142,0.124,0.163,0.119,0.142,0.085,0.108,0.15,0.076,,0.209,,0.127,0.115,0.204,0.275,1.0,0.21,0.147,0.093,0.079,0.112,0.047,0.111,0.117,0.213,0.179,0.05,0.096,0.198,0.123,0.198,0.23,0.137,0.186,0.163,0.205,0.095,0.16,0.168,0.176,0.211
EF_,0.19,0.202,0.191,0.207,0.273,0.191,0.227,0.146,0.225,0.2,0.201,0.099,0.196,0.201,0.245,0.204,,,0.129,0.146,0.098,0.164,,0.168,0.225,0.162,0.23,0.198,0.183,0.187,0.152,0.145,0.162,0.168,0.222,0.232,0.154,0.196,0.145,0.181,,0.139,,0.105,0.18,0.188,0.169,0.21,1.0,0.168,0.132,0.138,0.194,0.128,0.171,0.181,0.286,0.211,0.105,0.215,0.24,0.16,0.274,0.155,0.187,0.126,0.186,0.249,0.155,0.195,0.167,0.147,0.2
AR_,0.219,0.126,0.145,0.226,0.112,0.16,0.156,0.19,0.214,0.107,0.128,0.09,0.188,0.163,0.154,0.098,,,0.114,0.094,0.18,0.248,,0.189,0.142,0.152,0.19,0.196,0.164,0.129,0.144,0.183,0.148,0.093,0.138,0.11,0.142,0.15,0.132,0.07,,0.154,,0.117,0.156,0.141,0.167,0.147,0.168,1.0,0.425,0.076,0.112,0.067,0.145,0.165,0.149,0.157,0.076,0.116,0.157,0.118,0.192,0.152,0.152,0.121,0.209,0.177,0.105,0.199,0.187,0.125,0.117
LU_S_big_,0.07,0.182,0.115,0.101,0.094,0.102,0.16,0.054,0.182,0.145,0.177,0.06,0.133,0.184,0.114,0.092,,,0.108,0.075,0.071,0.098,,0.097,0.096,0.126,0.168,0.168,0.073,0.249,0.186,0.117,0.093,0.08,0.157,0.161,0.183,0.146,0.051,0.16,,0.05,,0.146,0.111,0.1,0.106,0.093,0.132,0.425,1.0,0.114,0.136,0.15,0.194,0.081,0.156,0.113,0.135,0.207,0.139,0.186,0.134,0.057,0.154,0.116,0.134,0.167,0.107,0.117,0.134,0.118,0.103
BSS_S_BK_,0.141,0.051,0.145,0.172,0.17,0.157,0.057,0.169,0.198,0.163,0.142,0.074,0.195,0.159,0.127,0.091,,,0.115,0.204,0.303,0.253,,0.231,0.186,0.301,0.103,0.133,0.177,0.082,0.098,0.172,0.136,0.151,0.119,0.181,0.115,0.104,0.207,0.067,,0.14,,0.162,0.238,0.153,0.139,0.079,0.138,0.076,0.114,1.0,0.181,0.065,0.147,0.122,0.157,0.115,0.097,0.151,0.105,0.129,0.152,0.117,0.233,0.18,0.117,0.137,0.108,0.195,0.16,0.167,0.2
RV_R_F_,0.104,0.153,0.114,0.138,0.118,0.126,0.133,0.131,0.164,0.117,0.169,0.121,0.149,0.193,0.161,0.092,,,0.075,0.087,0.088,0.162,,0.074,0.154,0.14,0.174,0.183,0.122,0.111,0.15,0.11,0.099,0.113,0.131,0.146,0.083,0.16,0.127,0.206,,0.134,,0.148,0.119,0.139,0.078,0.112,0.194,0.112,0.136,0.181,1.0,0.116,0.164,0.117,0.127,0.18,0.107,0.192,0.149,0.178,0.127,0.118,0.11,0.071,0.214,0.183,0.115,0.134,0.115,0.125,0.129
UP,0.051,0.16,0.072,0.102,0.082,0.093,0.084,0.073,0.125,0.08,0.116,0.033,0.068,0.112,0.094,0.067,,,0.046,0.041,0.027,0.103,,0.042,0.089,0.081,0.12,0.117,0.04,0.139,0.122,0.081,0.046,0.047,0.115,0.108,0.121,0.106,0.051,0.125,,0.054,,0.125,0.088,0.074,0.057,0.047,0.128,0.067,0.15,0.065,0.116,1.0,0.125,0.078,0.109,0.104,0.144,0.149,0.098,0.141,0.078,0.052,0.111,0.049,0.11,0.125,0.095,0.093,0.079,0.104,0.049
CU_R_NA_,0.072,0.152,0.094,0.129,0.102,0.136,0.153,0.15,0.235,0.189,0.209,0.067,0.161,0.206,0.152,0.109,,,0.095,0.099,0.097,0.176,,0.137,0.131,0.202,0.198,0.227,0.1,0.205,0.163,0.114,0.124,0.14,0.162,0.231,0.223,0.2,0.094,0.152,,0.103,,0.135,0.209,0.108,0.063,0.111,0.171,0.145,0.194,0.147,0.164,0.125,1.0,0.129,0.15,0.189,0.142,0.247,0.134,0.194,0.149,0.069,0.191,0.094,0.172,0.18,0.135,0.151,0.123,0.142,0.142
TL_F_,0.143,0.107,0.23,0.134,0.209,0.157,0.148,0.265,0.18,0.146,0.145,0.119,0.167,0.133,0.152,0.186,,,0.174,0.092,0.162,0.172,,0.205,0.174,0.166,0.167,0.176,0.151,0.063,0.093,0.196,0.161,0.156,0.155,0.151,0.125,0.24,0.141,0.082,,0.097,,0.177,0.186,0.141,0.16,0.117,0.181,0.165,0.081,0.122,0.117,0.078,0.129,1.0,0.129,0.154,0.073,0.133,0.141,0.226,0.193,0.158,0.19,0.117,0.131,0.162,0.126,0.173,0.143,0.144,0.179
SYN_R_,0.227,0.146,0.151,0.155,0.23,0.175,0.213,0.131,0.192,0.172,0.159,0.129,0.212,0.208,0.222,0.192,,,0.115,0.096,0.115,0.191,,0.126,0.19,0.156,0.209,0.171,0.154,0.14,0.152,0.185,0.119,0.151,0.18,0.178,0.174,0.169,0.148,0.105,,0.116,,0.15,0.133,0.164,0.139,0.213,0.286,0.149,0.156,0.157,0.127,0.109,0.15,0.129,1.0,0.251,0.128,0.143,0.262,0.182,0.227,0.169,0.196,0.121,0.204,0.236,0.227,0.209,0.172,0.146,0.213
SS_S_FT_,0.134,0.197,0.147,0.096,0.137,0.189,0.213,0.152,0.191,0.233,0.2,0.183,0.176,0.188,0.223,0.173,,,0.089,0.111,0.104,0.198,,0.114,0.189,0.154,0.242,0.221,0.165,0.161,0.176,0.158,0.099,0.121,0.148,0.218,0.16,0.189,0.134,0.146,,0.116,,0.154,0.153,0.183,0.128,0.179,0.211,0.157,0.113,0.115,0.18,0.104,0.189,0.154,0.251,1.0,0.151,0.2,0.201,0.197,0.199,0.156,0.213,0.138,0.227,0.208,0.153,0.186,0.149,0.161,0.137
TB_S_,0.057,0.155,0.088,0.063,0.057,0.101,0.085,0.099,0.137,0.117,0.123,0.03,0.081,0.146,0.075,0.068,,,0.056,0.034,0.072,0.119,,0.036,0.079,0.122,0.111,0.11,0.05,0.166,0.148,0.08,0.061,0.13,0.109,0.111,0.165,0.167,0.065,0.146,,0.036,,0.479,0.121,0.073,0.062,0.05,0.105,0.076,0.135,0.097,0.107,0.144,0.142,0.073,0.128,0.151,1.0,0.139,0.078,0.152,0.096,0.058,0.157,0.07,0.125,0.131,0.113,0.083,0.098,0.081,0.08
CU_R_WA_,0.139,0.191,0.092,0.083,0.12,0.136,0.152,0.126,0.235,0.172,0.209,0.086,0.162,0.226,0.133,0.059,,,0.07,0.073,0.089,0.176,,0.142,0.123,0.188,0.182,0.201,0.118,0.21,0.174,0.095,0.088,0.112,0.189,0.193,0.19,0.18,0.111,0.201,,0.15,,0.157,0.186,0.111,0.081,0.096,0.215,0.116,0.207,0.151,0.192,0.149,0.247,0.133,0.143,0.2,0.139,1.0,0.156,0.171,0.127,0.098,0.196,0.076,0.172,0.185,0.135,0.141,0.143,0.113,0.126
SYN_S_,0.178,0.119,0.124,0.14,0.215,0.131,0.227,0.123,0.172,0.126,0.14,0.109,0.154,0.172,0.216,0.135,,,0.089,0.071,0.079,0.136,,0.081,0.213,0.112,0.181,0.185,0.155,0.108,0.13,0.122,0.132,0.085,0.188,0.186,0.117,0.16,0.12,0.11,,0.124,,0.1,0.12,0.164,0.154,0.198,0.24,0.157,0.139,0.105,0.149,0.098,0.134,0.141,0.262,0.201,0.078,0.156,1.0,0.143,0.218,0.117,0.172,0.12,0.128,0.208,0.177,0.083,0.167,0.161,0.154
TF_S_,0.114,0.184,0.166,0.137,0.084,0.139,0.121,0.222,0.151,0.125,0.225,0.1,0.124,0.167,0.151,0.135,,,0.094,0.074,0.08,0.148,,0.103,0.124,0.142,0.169,0.147,0.131,0.112,0.119,0.082,0.113,0.141,0.227,0.151,0.198,0.265,0.095,0.147,,0.099,,0.179,0.097,0.148,0.076,0.123,0.16,0.118,0.186,0.129,0.178,0.141,0.194,0.226,0.182,0.197,0.152,0.171,0.143,1.0,0.162,0.08,0.184,0.043,0.191,0.194,0.105,0.15,0.141,0.167,0.133
BS_S_LT_,0.279,0.125,0.249,0.207,0.27,0.17,0.245,0.184,0.183,0.239,0.163,0.133,0.154,0.144,0.249,0.272,,,0.172,0.139,0.107,0.195,,0.111,0.227,0.169,0.204,0.16,0.195,0.069,0.149,0.21,0.188,0.218,0.149,0.143,0.138,0.167,0.187,0.1,,0.201,,0.155,0.193,0.155,0.177,0.198,0.274,0.192,0.134,0.152,0.127,0.078,0.149,0.193,0.227,0.199,0.096,0.127,0.218,0.162,1.0,0.262,0.158,0.166,0.16,0.154,0.111,0.228,0.22,0.199,0.206
SS_F_RT_,0.261,0.068,0.195,0.148,0.193,0.111,0.227,0.078,0.091,0.144,0.104,0.14,0.168,0.095,0.199,0.187,,,0.202,0.103,0.125,0.155,,0.159,0.286,0.079,0.15,0.125,0.147,0.065,0.092,0.143,0.154,0.088,0.125,0.148,0.095,0.104,0.175,0.105,,0.201,,0.074,0.152,0.189,0.231,0.23,0.155,0.152,0.057,0.117,0.118,0.052,0.069,0.158,0.169,0.156,0.058,0.098,0.117,0.08,0.262,1.0,0.096,0.197,0.098,0.189,0.084,0.145,0.195,0.104,0.165
FR_R_WA_,0.137,0.17,0.103,0.177,0.135,0.166,0.136,0.161,0.317,0.242,0.194,0.095,0.177,0.172,0.152,0.132,,,0.13,0.091,0.115,0.188,,0.129,0.153,0.237,0.138,0.17,0.135,0.141,0.118,0.143,0.141,0.153,0.145,0.216,0.202,0.176,0.166,0.122,,0.159,,0.196,0.192,0.216,0.115,0.137,0.187,0.152,0.154,0.233,0.11,0.111,0.191,0.19,0.196,0.213,0.157,0.196,0.172,0.184,0.158,0.096,1.0,0.128,0.196,0.184,0.148,0.223,0.147,0.137,0.163
LD_F_small_,0.207,0.075,0.168,0.134,0.186,0.104,0.076,0.106,0.101,0.111,0.099,0.161,0.155,0.087,0.11,0.194,,,0.317,0.12,0.121,0.159,,0.118,0.139,0.139,0.129,0.116,0.17,0.071,0.098,0.157,0.14,0.135,0.093,0.088,0.074,0.098,0.113,0.046,,0.105,,0.098,0.203,0.163,0.19,0.186,0.126,0.121,0.116,0.18,0.071,0.049,0.094,0.117,0.121,0.138,0.07,0.076,0.12,0.043,0.166,0.197,0.128,1.0,0.1,0.093,0.062,0.174,0.143,0.152,0.116
SB_R_NA_,0.146,0.053,0.102,0.125,0.166,0.205,0.142,0.112,0.189,0.192,0.172,0.096,0.192,0.285,0.145,0.143,,,0.103,0.117,0.126,0.197,,0.124,0.179,0.152,0.185,0.14,0.129,0.135,0.098,0.123,0.071,0.164,0.127,0.157,0.194,0.145,0.075,0.116,,0.122,,0.178,0.141,0.136,0.089,0.163,0.186,0.209,0.134,0.117,0.214,0.11,0.172,0.131,0.204,0.227,0.125,0.172,0.128,0.191,0.16,0.098,0.196,0.1,1.0,0.189,0.166,0.148,0.157,0.15,0.128
SS_S_BK_,0.172,0.142,0.103,0.152,0.172,0.148,0.278,0.169,0.216,0.186,0.146,0.135,0.16,0.188,0.272,0.161,,,0.1,0.09,0.089,0.129,,0.124,0.185,0.179,0.215,0.235,0.119,0.139,0.101,0.155,0.082,0.125,0.205,0.196,0.231,0.198,0.125,0.129,,0.147,,0.209,0.139,0.169,0.179,0.205,0.249,0.177,0.167,0.137,0.183,0.125,0.18,0.162,0.236,0.208,0.131,0.185,0.208,0.194,0.154,0.189,0.184,0.093,0.189,1.0,0.175,0.218,0.21,0.147,0.198
SYN_U_,0.117,0.148,0.08,0.103,0.135,0.15,0.17,0.11,0.161,0.117,0.135,0.07,0.134,0.147,0.154,0.073,,,0.076,0.075,0.046,0.069,,0.063,0.15,0.115,0.137,0.121,0.081,0.17,0.066,0.073,0.087,0.091,0.1,0.175,0.148,0.125,0.105,0.094,,0.068,,0.125,0.127,0.122,0.075,0.095,0.155,0.105,0.107,0.108,0.115,0.095,0.135,0.126,0.227,0.153,0.113,0.135,0.177,0.105,0.111,0.084,0.148,0.062,0.166,0.175,1.0,0.133,0.107,0.108,0.111
BJ_BK_,0.223,0.092,0.15,0.192,0.224,0.125,0.169,0.161,0.181,0.202,0.13,0.051,0.179,0.103,0.192,0.159,,,0.09,0.135,0.124,0.196,,0.173,0.188,0.218,0.143,0.179,0.143,0.081,0.112,0.203,0.126,0.161,0.158,0.159,0.147,0.146,0.173,0.078,,0.194,,0.173,0.189,0.24,0.192,0.16,0.195,0.199,0.117,0.195,0.134,0.093,0.151,0.173,0.209,0.186,0.083,0.141,0.083,0.15,0.228,0.145,0.223,0.174,0.148,0.218,0.133,1.0,0.128,0.175,0.235
TA_,0.16,0.103,0.161,0.136,0.135,0.218,0.149,0.15,0.157,0.187,0.143,0.129,0.178,0.174,0.189,0.167,,,0.131,0.105,0.102,0.171,,0.123,0.229,0.098,0.209,0.16,0.197,0.339,0.113,0.136,0.191,0.144,0.112,0.13,0.097,0.121,0.099,0.088,,0.131,,0.144,0.159,0.11,0.182,0.168,0.167,0.187,0.134,0.16,0.115,0.079,0.123,0.143,0.172,0.149,0.098,0.143,0.167,0.141,0.22,0.195,0.147,0.143,0.157,0.21,0.107,0.128,1.0,0.122,0.126
TR_F_,0.104,0.094,0.17,0.144,0.139,0.174,0.162,0.167,0.14,0.172,0.258,0.126,0.176,0.115,0.189,0.174,,,0.135,0.09,0.109,0.201,,0.111,0.17,0.172,0.171,0.159,0.107,0.073,0.105,0.121,0.118,0.133,0.145,0.141,0.111,0.114,0.14,0.081,,0.147,,0.125,0.166,0.213,0.13,0.176,0.147,0.125,0.118,0.167,0.125,0.104,0.142,0.144,0.146,0.161,0.081,0.113,0.161,0.167,0.199,0.104,0.137,0.152,0.15,0.147,0.108,0.175,0.122,1.0,0.187
BJ_FT_,0.157,0.109,0.211,0.209,0.151,0.162,0.171,0.18,0.177,0.231,0.14,0.095,0.222,0.141,0.187,0.23,,,0.124,0.153,0.205,0.266,,0.146,0.198,0.152,0.184,0.18,0.259,0.112,0.08,0.164,0.211,0.168,0.113,0.142,0.165,0.129,0.214,0.087,,0.169,,0.101,0.153,0.222,0.134,0.211,0.2,0.117,0.103,0.2,0.129,0.049,0.142,0.179,0.213,0.137,0.08,0.126,0.154,0.133,0.206,0.165,0.163,0.116,0.128,0.198,0.111,0.235,0.126,0.187,1.0
