,TB_F_FB_,CH_,BS_S_BK_,BSS_F_FT_,UP,SJ_BK_,SYN_K_,LU_F_dis_,BS_F_FT_,TL_S_,TR_F_,TR_S_,AR_,BS_F_BK_,AS_L_NA_,SYN_U_,BJ_BK_,LU_S_dis_,SJ_LT_,TF_S_,TOS_S_,BS_S_RT_,SYN_B_,LD_S_dis_,SYN_S_,TF_F_,BBS_S_FT_,BA_R_NA_,BS_F_RT_,SS_S_RT_,BJ_FT_,AS_L_WA_,EF_,FR_R_WA_,SYN_R_,TB_S_,BA_R_WA_,BS_S_FT_,SS_F_BK_,SS_S_LT_,LD_F_dis_,LD_S_small_,BBS_F_BK_,SS_F_LT_,RV_R_S_,LU_S_big_,CU_R_WA_,SJ_FT_,BSS_F_BK_,SS_F_RT_,TL_F_,LD_F_small_,BS_F_LT_,BS_S_LT_,BSS_S_FT_,RV_R_F_,SB_R_WA_,SS_F_FT_,SS_S_BK_,SS_S_FT_,TB_S_FB_,SB_R_NA_,TOS_F_,LU_F_big_,BSS_S_BK_,TA_,CU_R_NA_,BJ_LT_,SJ_RT_,FR_R_NA_,BBS_S_BK_,BBS_F_FT_,BJ_RT_
TB_F_FB_,1.0,0.233,0.217,,0.197,0.219,0.207,0.242,0.197,0.225,0.256,0.199,0.184,0.18,0.268,0.158,0.249,0.235,0.236,0.217,0.259,0.186,0.232,0.194,0.153,0.319,0.301,0.245,0.173,0.167,0.249,0.261,0.235,0.278,0.228,0.296,0.222,,,0.182,0.257,0.18,0.259,0.223,0.195,0.169,0.263,0.27,,0.156,0.22,0.187,0.198,0.233,0.257,0.194,0.249,,0.204,0.206,0.391,0.252,0.241,0.177,0.253,0.198,0.243,0.219,0.237,0.263,0.281,0.249,0.206
CH_,0.233,1.0,0.286,,0.212,0.29,0.258,0.246,0.274,0.257,0.234,0.247,0.322,0.238,0.339,0.205,0.249,0.22,0.294,0.26,0.277,0.3,0.248,0.211,0.242,0.251,0.307,0.262,0.254,0.259,0.315,0.302,0.35,0.281,0.271,0.26,0.264,,,0.269,0.268,0.244,0.31,0.247,0.226,0.238,0.277,0.26,,0.306,0.269,0.223,0.27,0.293,0.304,0.264,0.268,,0.292,0.281,0.259,0.252,0.239,0.267,0.279,0.264,0.305,0.298,0.301,0.286,0.295,0.249,0.258
BS_S_BK_,0.217,0.286,1.0,,0.196,0.291,0.225,0.229,0.372,0.228,0.264,0.269,0.258,0.432,0.248,0.22,0.31,0.263,0.245,0.272,0.247,0.298,0.188,0.247,0.27,0.211,0.213,0.244,0.308,0.307,0.293,0.292,0.34,0.294,0.314,0.23,0.253,,,0.378,0.27,0.236,0.224,0.337,0.252,0.222,0.265,0.3,,0.34,0.254,0.269,0.382,0.375,0.253,0.25,0.25,,0.297,0.291,0.206,0.23,0.255,0.259,0.232,0.298,0.251,0.293,0.217,0.259,0.199,0.254,0.259
BSS_F_FT_,0.198,0.276,0.21,,0.189,0.23,0.261,0.227,0.234,0.199,0.223,0.291,0.259,0.195,0.281,0.149,0.266,0.218,0.306,0.227,0.24,0.248,0.294,0.205,0.16,0.251,0.354,0.3,0.242,0.184,0.301,0.247,0.195,0.343,0.207,0.193,0.216,,,0.229,0.26,0.244,0.362,0.186,0.232,0.233,0.322,0.267,,0.187,0.239,0.185,0.223,0.207,0.427,0.254,0.175,,0.173,0.235,0.219,0.22,0.235,0.256,0.38,0.191,0.407,0.223,0.253,0.296,0.44,0.452,0.27
UP,0.197,0.212,0.196,,1.0,0.218,0.158,0.199,0.189,0.205,0.201,0.227,0.205,0.155,0.188,0.195,0.183,0.188,0.181,0.231,0.206,0.178,0.129,0.213,0.19,0.195,0.188,0.179,0.203,0.179,0.195,0.2,0.215,0.228,0.193,0.233,0.182,,,0.165,0.218,0.223,0.197,0.18,0.209,0.217,0.232,0.193,,0.181,0.203,0.209,0.199,0.184,0.191,0.211,0.198,,0.201,0.183,0.218,0.208,0.183,0.2,0.188,0.181,0.226,0.195,0.189,0.203,0.174,0.193,0.197
SJ_BK_,0.219,0.29,0.291,,0.218,1.0,0.231,0.277,0.315,0.239,0.256,0.242,0.337,0.294,0.287,0.217,0.319,0.22,0.232,0.268,0.247,0.249,0.213,0.235,0.253,0.293,0.272,0.271,0.292,0.245,0.267,0.261,0.313,0.303,0.269,0.224,0.259,,,0.266,0.287,0.267,0.296,0.273,0.246,0.287,0.263,0.326,,0.274,0.22,0.264,0.318,0.287,0.282,0.256,0.255,,0.265,0.282,0.263,0.236,0.257,0.261,0.267,0.277,0.287,0.269,0.307,0.271,0.262,0.256,0.274
SYN_K_,0.207,0.258,0.225,,0.158,0.231,1.0,0.213,0.233,0.193,0.212,0.17,0.224,0.206,0.29,0.157,0.216,0.223,0.249,0.26,0.241,0.19,0.272,0.176,0.157,0.185,0.3,0.248,0.248,0.169,0.237,0.176,0.258,0.224,0.17,0.134,0.206,,,0.185,0.151,0.151,0.277,0.206,0.162,0.155,0.2,0.243,,0.262,0.26,0.216,0.234,0.211,0.215,0.16,0.28,,0.155,0.193,0.178,0.183,0.19,0.237,0.3,0.221,0.222,0.196,0.2,0.224,0.24,0.274,0.186
LU_F_dis_,0.242,0.246,0.229,,0.199,0.277,0.213,1.0,0.248,0.277,0.24,0.255,0.271,0.248,0.272,0.236,0.27,0.266,0.217,0.263,0.228,0.202,0.3,0.213,0.272,0.216,0.265,0.255,0.229,0.242,0.219,0.252,0.261,0.251,0.254,0.243,0.24,,,0.237,0.271,0.213,0.253,0.25,0.194,0.285,0.226,0.212,,0.234,0.277,0.251,0.269,0.262,0.275,0.242,0.244,,0.265,0.236,0.269,0.27,0.192,0.278,0.264,0.261,0.221,0.244,0.222,0.279,0.263,0.313,0.222
BS_F_FT_,0.197,0.274,0.372,,0.189,0.315,0.233,0.248,1.0,0.24,0.26,0.31,0.218,0.334,0.244,0.216,0.287,0.221,0.32,0.218,0.216,0.335,0.18,0.221,0.278,0.25,0.188,0.243,0.33,0.369,0.288,0.256,0.347,0.24,0.317,0.207,0.267,,,0.324,0.278,0.298,0.16,0.394,0.249,0.277,0.218,0.31,,0.298,0.261,0.264,0.367,0.369,0.139,0.231,0.237,,0.329,0.29,0.19,0.246,0.255,0.239,0.17,0.321,0.241,0.25,0.308,0.232,0.208,0.227,0.308
TL_S_,0.225,0.257,0.228,,0.205,0.239,0.193,0.277,0.24,1.0,0.24,0.235,0.251,0.196,0.255,0.214,0.254,0.249,0.225,0.335,0.321,0.248,0.213,0.231,0.243,0.31,0.269,0.234,0.255,0.23,0.261,0.255,0.277,0.234,0.254,0.261,0.238,,,0.245,0.247,0.277,0.209,0.215,0.232,0.244,0.267,0.255,,0.219,0.351,0.206,0.227,0.266,0.252,0.235,0.222,,0.243,0.263,0.265,0.262,0.234,0.242,0.2,0.225,0.242,0.223,0.23,0.256,0.245,0.205,0.241
TR_F_,0.256,0.234,0.264,,0.201,0.256,0.212,0.24,0.26,0.24,1.0,0.314,0.228,0.217,0.236,0.236,0.246,0.225,0.185,0.243,0.249,0.247,0.19,0.235,0.268,0.251,0.245,0.241,0.238,0.225,0.239,0.239,0.272,0.246,0.216,0.219,0.255,,,0.23,0.236,0.205,0.225,0.211,0.205,0.247,0.223,0.232,,0.195,0.238,0.215,0.201,0.225,0.272,0.242,0.235,,0.202,0.235,0.25,0.254,0.214,0.241,0.247,0.21,0.28,0.202,0.231,0.252,0.251,0.266,0.261
TR_S_,0.199,0.247,0.269,,0.227,0.242,0.17,0.255,0.31,0.235,0.314,1.0,0.242,0.266,0.25,0.222,0.276,0.24,0.208,0.308,0.273,0.222,0.212,0.276,0.241,0.271,0.261,0.29,0.268,0.242,0.242,0.277,0.29,0.255,0.231,0.258,0.223,,,0.241,0.22,0.241,0.259,0.243,0.276,0.27,0.283,0.275,,0.18,0.276,0.265,0.225,0.27,0.297,0.232,0.261,,0.243,0.253,0.242,0.253,0.243,0.261,0.28,0.217,0.309,0.241,0.235,0.261,0.268,0.273,0.266
AR_,0.184,0.322,0.258,,0.205,0.337,0.224,0.271,0.218,0.251,0.228,0.242,1.0,0.258,0.337,0.188,0.314,0.248,0.314,0.255,0.217,0.279,0.249,0.349,0.216,0.247,0.257,0.264,0.282,0.275,0.272,0.319,0.258,0.264,0.256,0.173,0.249,,,0.234,0.297,0.315,0.291,0.275,0.236,0.593,0.282,0.241,,0.278,0.213,0.216,0.245,0.291,0.29,0.237,0.272,,0.285,0.24,0.194,0.285,0.244,0.261,0.279,0.34,0.311,0.313,0.266,0.24,0.258,0.255,0.253
BS_F_BK_,0.18,0.238,0.432,,0.155,0.294,0.206,0.248,0.334,0.196,0.217,0.266,0.258,1.0,0.262,0.227,0.307,0.197,0.26,0.181,0.198,0.247,0.21,0.198,0.266,0.216,0.199,0.237,0.289,0.351,0.258,0.259,0.325,0.246,0.31,0.212,0.222,,,0.303,0.255,0.214,0.164,0.389,0.179,0.231,0.167,0.271,,0.308,0.245,0.275,0.326,0.269,0.212,0.196,0.207,,0.317,0.223,0.223,0.205,0.223,0.238,0.199,0.286,0.167,0.251,0.273,0.238,0.17,0.241,0.258
AS_L_NA_,0.268,0.339,0.248,,0.188,0.287,0.29,0.272,0.244,0.255,0.236,0.25,0.337,0.262,1.0,0.244,0.277,0.225,0.256,0.245,0.266,0.266,0.249,0.263,0.25,0.271,0.378,0.289,0.261,0.252,0.289,0.393,0.345,0.358,0.254,0.243,0.277,,,0.247,0.275,0.237,0.328,0.278,0.231,0.305,0.293,0.29,,0.268,0.267,0.23,0.286,0.29,0.321,0.231,0.275,,0.294,0.256,0.269,0.293,0.236,0.224,0.336,0.284,0.314,0.255,0.231,0.319,0.323,0.28,0.258
SYN_U_,0.158,0.205,0.22,,0.195,0.217,0.157,0.236,0.216,0.214,0.236,0.222,0.188,0.227,0.244,1.0,0.225,0.22,0.18,0.212,0.209,0.266,0.174,0.253,0.243,0.214,0.167,0.228,0.253,0.252,0.22,0.252,0.241,0.236,0.299,0.219,0.24,,,0.229,0.23,0.223,0.163,0.256,0.205,0.234,0.169,0.218,,0.22,0.228,0.184,0.196,0.259,0.167,0.18,0.242,,0.265,0.244,0.184,0.241,0.212,0.262,0.192,0.215,0.189,0.225,0.197,0.22,0.188,0.187,0.188
BJ_BK_,0.249,0.249,0.31,,0.183,0.319,0.216,0.27,0.287,0.254,0.246,0.276,0.314,0.307,0.277,0.225,1.0,0.278,0.276,0.246,0.274,0.252,0.201,0.21,0.211,0.275,0.276,0.256,0.27,0.271,0.309,0.292,0.256,0.302,0.289,0.229,0.252,,,0.254,0.247,0.22,0.283,0.252,0.201,0.217,0.232,0.28,,0.255,0.271,0.221,0.305,0.279,0.286,0.242,0.238,,0.278,0.226,0.283,0.274,0.213,0.192,0.288,0.2,0.293,0.275,0.268,0.287,0.27,0.277,0.275
LU_S_dis_,0.235,0.22,0.263,,0.188,0.22,0.223,0.266,0.221,0.249,0.225,0.24,0.248,0.197,0.225,0.22,0.278,1.0,0.238,0.211,0.272,0.233,0.225,0.289,0.242,0.233,0.232,0.219,0.236,0.227,0.249,0.254,0.212,0.248,0.255,0.235,0.22,,,0.25,0.271,0.27,0.201,0.221,0.235,0.277,0.252,0.261,,0.282,0.236,0.218,0.201,0.217,0.221,0.234,0.233,,0.216,0.254,0.191,0.203,0.201,0.221,0.213,0.229,0.244,0.22,0.228,0.238,0.188,0.257,0.225
SJ_LT_,0.236,0.294,0.245,,0.181,0.232,0.249,0.217,0.32,0.225,0.185,0.208,0.314,0.26,0.256,0.18,0.276,0.238,1.0,0.247,0.293,0.257,0.243,0.256,0.266,0.246,0.213,0.244,0.246,0.242,0.331,0.251,0.256,0.247,0.231,0.221,0.224,,,0.229,0.25,0.243,0.213,0.217,0.229,0.275,0.289,0.321,,0.221,0.256,0.265,0.301,0.259,0.238,0.245,0.242,,0.236,0.245,0.188,0.237,0.239,0.275,0.269,0.266,0.27,0.321,0.212,0.246,0.239,0.243,0.278
TF_S_,0.217,0.26,0.272,,0.231,0.268,0.26,0.263,0.218,0.335,0.243,0.308,0.255,0.181,0.245,0.212,0.246,0.211,0.247,1.0,0.309,0.285,0.201,0.272,0.208,0.339,0.246,0.246,0.243,0.234,0.243,0.278,0.264,0.288,0.268,0.258,0.23,,,0.249,0.276,0.256,0.273,0.248,0.261,0.276,0.269,0.278,,0.232,0.302,0.187,0.219,0.233,0.245,0.278,0.259,,0.265,0.244,0.263,0.265,0.256,0.245,0.255,0.216,0.28,0.257,0.229,0.268,0.204,0.246,0.238
TOS_S_,0.259,0.277,0.247,,0.206,0.247,0.241,0.228,0.216,0.321,0.249,0.273,0.217,0.198,0.266,0.209,0.274,0.272,0.293,0.309,1.0,0.259,0.205,0.241,0.264,0.27,0.241,0.274,0.263,0.221,0.224,0.287,0.3,0.287,0.255,0.234,0.275,,,0.257,0.219,0.25,0.209,0.283,0.222,0.259,0.269,0.273,,0.236,0.243,0.208,0.248,0.28,0.242,0.248,0.241,,0.23,0.214,0.244,0.237,0.322,0.262,0.214,0.242,0.296,0.248,0.217,0.298,0.254,0.221,0.241
BS_S_RT_,0.186,0.3,0.298,,0.178,0.249,0.19,0.202,0.335,0.248,0.247,0.222,0.279,0.247,0.266,0.266,0.252,0.233,0.257,0.285,0.259,1.0,0.226,0.264,0.251,0.248,0.187,0.247,0.338,0.349,0.239,0.288,0.318,0.232,0.338,0.204,0.214,,,0.296,0.259,0.259,0.222,0.261,0.213,0.295,0.258,0.277,,0.272,0.241,0.205,0.267,0.304,0.252,0.238,0.248,,0.338,0.334,0.184,0.255,0.277,0.275,0.234,0.325,0.304,0.259,0.252,0.236,0.216,0.217,0.236
SYN_B_,0.232,0.248,0.188,,0.129,0.213,0.272,0.3,0.18,0.213,0.19,0.212,0.249,0.21,0.249,0.174,0.201,0.225,0.243,0.201,0.205,0.226,1.0,0.152,0.216,0.215,0.306,0.295,0.229,0.206,0.248,0.214,0.294,0.216,0.211,0.158,0.253,,,0.236,0.236,0.157,0.201,0.241,0.175,0.193,0.179,0.228,,0.192,0.236,0.197,0.298,0.27,0.301,0.184,0.308,,0.276,0.252,0.205,0.227,0.194,0.193,0.277,0.201,0.232,0.201,0.195,0.205,0.249,0.271,0.18
LD_S_dis_,0.194,0.211,0.247,,0.213,0.235,0.176,0.213,0.221,0.231,0.235,0.276,0.349,0.198,0.263,0.253,0.21,0.289,0.256,0.272,0.241,0.264,0.152,1.0,0.262,0.213,0.221,0.209,0.235,0.304,0.284,0.283,0.323,0.261,0.273,0.241,0.186,,,0.262,0.318,0.301,0.161,0.236,0.264,0.316,0.265,0.234,,0.233,0.277,0.238,0.278,0.283,0.191,0.226,0.252,,0.296,0.291,0.194,0.264,0.209,0.249,0.209,0.268,0.281,0.238,0.219,0.281,0.186,0.19,0.207
SYN_S_,0.153,0.242,0.27,,0.19,0.253,0.157,0.272,0.278,0.243,0.268,0.241,0.216,0.266,0.25,0.243,0.211,0.242,0.266,0.208,0.264,0.251,0.216,0.262,1.0,0.217,0.164,0.232,0.302,0.26,0.268,0.254,0.322,0.224,0.328,0.234,0.23,,,0.304,0.211,0.221,0.165,0.304,0.246,0.256,0.222,0.317,,0.239,0.251,0.229,0.28,0.29,0.169,0.244,0.246,,0.301,0.286,0.175,0.272,0.264,0.248,0.196,0.235,0.235,0.276,0.209,0.231,0.19,0.156,0.251
TF_F_,0.319,0.251,0.211,,0.195,0.293,0.185,0.216,0.25,0.31,0.251,0.271,0.247,0.216,0.271,0.214,0.275,0.233,0.246,0.339,0.27,0.248,0.215,0.213,0.217,1.0,0.287,0.24,0.239,0.208,0.298,0.3,0.255,0.27,0.258,0.224,0.224,,,0.209,0.257,0.201,0.27,0.218,0.233,0.21,0.259,0.261,,0.191,0.357,0.214,0.226,0.277,0.273,0.25,0.273,,0.248,0.241,0.275,0.25,0.328,0.211,0.254,0.228,0.32,0.248,0.235,0.28,0.268,0.241,0.268
BBS_S_FT_,0.301,0.307,0.213,,0.188,0.272,0.3,0.265,0.188,0.269,0.245,0.261,0.257,0.199,0.378,0.167,0.276,0.232,0.213,0.246,0.241,0.187,0.306,0.221,0.164,0.287,1.0,0.284,0.232,0.161,0.224,0.317,0.252,0.393,0.236,0.249,0.213,,,0.18,0.317,0.225,0.368,0.218,0.173,0.255,0.31,0.199,,0.215,0.257,0.253,0.31,0.222,0.417,0.251,0.272,,0.218,0.193,0.303,0.286,0.224,0.227,0.383,0.198,0.314,0.284,0.266,0.404,0.34,0.405,0.219
BA_R_NA_,0.245,0.262,0.244,,0.179,0.271,0.248,0.255,0.243,0.234,0.241,0.29,0.264,0.237,0.289,0.228,0.256,0.219,0.244,0.246,0.274,0.247,0.295,0.209,0.232,0.24,0.284,1.0,0.303,0.263,0.303,0.32,0.289,0.275,0.301,0.184,0.342,,,0.293,0.224,0.212,0.277,0.277,0.176,0.237,0.28,0.292,,0.283,0.234,0.249,0.273,0.308,0.293,0.228,0.281,,0.265,0.255,0.24,0.293,0.22,0.271,0.307,0.258,0.309,0.291,0.304,0.28,0.324,0.329,0.232
BS_F_RT_,0.173,0.254,0.308,,0.203,0.292,0.248,0.229,0.33,0.255,0.238,0.268,0.282,0.289,0.261,0.253,0.27,0.236,0.246,0.243,0.263,0.338,0.229,0.235,0.302,0.239,0.232,0.303,1.0,0.355,0.273,0.3,0.268,0.245,0.338,0.199,0.261,,,0.327,0.242,0.249,0.254,0.327,0.22,0.244,0.238,0.277,,0.355,0.22,0.204,0.305,0.28,0.22,0.22,0.264,,0.297,0.291,0.189,0.269,0.253,0.265,0.276,0.31,0.273,0.265,0.332,0.242,0.222,0.238,0.235
SS_S_RT_,0.167,0.259,0.307,,0.179,0.245,0.169,0.242,0.369,0.23,0.225,0.242,0.275,0.351,0.252,0.252,0.271,0.227,0.242,0.234,0.221,0.349,0.206,0.304,0.26,0.208,0.161,0.263,0.355,1.0,0.233,0.269,0.335,0.209,0.339,0.194,0.245,,,0.359,0.277,0.271,0.126,0.323,0.191,0.255,0.203,0.275,,0.345,0.253,0.239,0.352,0.352,0.183,0.215,0.227,,0.375,0.355,0.174,0.242,0.215,0.28,0.147,0.327,0.234,0.221,0.263,0.231,0.189,0.182,0.215
BJ_FT_,0.249,0.315,0.293,,0.195,0.267,0.237,0.219,0.288,0.261,0.239,0.242,0.272,0.258,0.289,0.22,0.309,0.249,0.331,0.243,0.224,0.239,0.248,0.284,0.268,0.298,0.224,0.303,0.273,0.233,1.0,0.27,0.273,0.29,0.287,0.198,0.249,,,0.246,0.273,0.282,0.276,0.287,0.219,0.204,0.286,0.342,,0.304,0.246,0.233,0.245,0.264,0.328,0.236,0.277,,0.279,0.277,0.177,0.27,0.289,0.208,0.291,0.283,0.305,0.29,0.252,0.267,0.253,0.261,0.266
AS_L_WA_,0.261,0.302,0.292,,0.2,0.261,0.176,0.252,0.256,0.255,0.239,0.277,0.319,0.259,0.393,0.252,0.292,0.254,0.251,0.278,0.287,0.288,0.214,0.283,0.254,0.3,0.317,0.32,0.3,0.269,0.27,1.0,0.285,0.326,0.282,0.261,0.28,,,0.264,0.266,0.252,0.327,0.253,0.192,0.267,0.301,0.247,,0.275,0.305,0.263,0.272,0.257,0.333,0.242,0.315,,0.285,0.292,0.242,0.263,0.236,0.251,0.314,0.272,0.34,0.258,0.298,0.346,0.298,0.255,0.232
EF_,0.235,0.35,0.34,,0.215,0.313,0.258,0.261,0.347,0.277,0.272,0.29,0.258,0.325,0.345,0.241,0.256,0.212,0.256,0.264,0.3,0.318,0.294,0.323,0.322,0.255,0.252,0.289,0.268,0.335,0.273,0.285,1.0,0.239,0.339,0.242,0.324,,,0.304,0.287,0.305,0.226,0.38,0.288,0.318,0.29,0.307,,0.305,0.265,0.212,0.36,0.352,0.203,0.282,0.28,,0.316,0.294,0.229,0.299,0.283,0.221,0.272,0.314,0.274,0.303,0.289,0.312,0.234,0.255,0.237
FR_R_WA_,0.278,0.281,0.294,,0.228,0.303,0.224,0.251,0.24,0.234,0.246,0.255,0.264,0.246,0.358,0.236,0.302,0.248,0.247,0.288,0.287,0.232,0.216,0.261,0.224,0.27,0.393,0.275,0.245,0.209,0.29,0.326,0.239,1.0,0.264,0.264,0.258,,,0.254,0.312,0.279,0.31,0.225,0.237,0.269,0.321,0.247,,0.234,0.25,0.27,0.233,0.237,0.371,0.239,0.281,,0.239,0.23,0.29,0.291,0.29,0.246,0.311,0.222,0.335,0.248,0.268,0.454,0.328,0.328,0.273
SYN_R_,0.228,0.271,0.314,,0.193,0.269,0.17,0.254,0.317,0.254,0.216,0.231,0.256,0.31,0.254,0.299,0.289,0.255,0.231,0.268,0.255,0.338,0.211,0.273,0.328,0.258,0.236,0.301,0.338,0.339,0.287,0.282,0.339,0.264,1.0,0.217,0.253,,,0.293,0.243,0.221,0.243,0.332,0.197,0.284,0.264,0.284,,0.312,0.253,0.253,0.313,0.311,0.242,0.243,0.289,,0.35,0.312,0.197,0.298,0.258,0.289,0.234,0.235,0.268,0.262,0.25,0.253,0.22,0.238,0.241
TB_S_,0.296,0.26,0.23,,0.233,0.224,0.134,0.243,0.207,0.261,0.219,0.258,0.173,0.212,0.243,0.219,0.229,0.235,0.221,0.258,0.234,0.204,0.158,0.241,0.234,0.224,0.249,0.184,0.199,0.194,0.198,0.261,0.242,0.264,0.217,1.0,0.192,,,0.239,0.246,0.227,0.254,0.158,0.23,0.234,0.242,0.245,,0.197,0.232,0.192,0.186,0.216,0.245,0.248,0.244,,0.234,0.197,0.562,0.213,0.219,0.21,0.235,0.214,0.27,0.209,0.178,0.258,0.232,0.244,0.256
BA_R_WA_,0.222,0.264,0.253,,0.182,0.259,0.206,0.24,0.267,0.238,0.255,0.223,0.249,0.222,0.277,0.24,0.252,0.22,0.224,0.23,0.275,0.214,0.253,0.186,0.23,0.224,0.213,0.342,0.261,0.245,0.249,0.28,0.324,0.258,0.253,0.192,1.0,,,0.231,0.251,0.185,0.228,0.294,0.195,0.214,0.237,0.269,,0.226,0.253,0.219,0.22,0.303,0.208,0.203,0.256,,0.262,0.24,0.248,0.273,0.266,0.211,0.25,0.306,0.208,0.272,0.247,0.205,0.262,0.261,0.201
BS_S_FT_,0.187,0.306,0.322,,0.179,0.31,0.199,0.248,0.45,0.247,0.21,0.301,0.283,0.334,0.294,0.256,0.252,0.274,0.295,0.275,0.257,0.379,0.239,0.266,0.271,0.227,0.177,0.283,0.315,0.346,0.277,0.29,0.323,0.274,0.317,0.211,0.257,,,0.325,0.301,0.268,0.209,0.346,0.207,0.29,0.231,0.272,,0.312,0.251,0.253,0.318,0.338,0.234,0.242,0.253,,0.341,0.326,0.187,0.272,0.271,0.236,0.184,0.289,0.282,0.256,0.254,0.266,0.203,0.188,0.231
SS_F_BK_,0.155,0.339,0.363,,0.174,0.294,0.245,0.238,0.335,0.23,0.193,0.218,0.297,0.358,0.256,0.195,0.288,0.218,0.239,0.243,0.233,0.297,0.19,0.268,0.251,0.191,0.193,0.301,0.265,0.29,0.234,0.308,0.332,0.247,0.324,0.208,0.277,,,0.304,0.242,0.259,0.222,0.311,0.196,0.262,0.268,0.301,,0.361,0.236,0.228,0.334,0.294,0.302,0.216,0.303,,0.303,0.29,0.215,0.238,0.267,0.262,0.192,0.29,0.259,0.227,0.249,0.315,0.198,0.222,0.232
SS_S_LT_,0.182,0.269,0.378,,0.165,0.266,0.185,0.237,0.324,0.245,0.23,0.241,0.234,0.303,0.247,0.229,0.254,0.25,0.229,0.249,0.257,0.296,0.236,0.262,0.304,0.209,0.18,0.293,0.327,0.359,0.246,0.264,0.304,0.254,0.293,0.239,0.231,,,1.0,0.276,0.272,0.162,0.3,0.215,0.226,0.232,0.289,,0.301,0.227,0.255,0.305,0.373,0.209,0.231,0.304,,0.376,0.299,0.206,0.272,0.248,0.281,0.209,0.298,0.256,0.239,0.251,0.229,0.208,0.207,0.241
LD_F_dis_,0.257,0.268,0.27,,0.218,0.287,0.151,0.271,0.278,0.247,0.236,0.22,0.297,0.255,0.275,0.23,0.247,0.271,0.25,0.276,0.219,0.259,0.236,0.318,0.211,0.257,0.317,0.224,0.242,0.277,0.273,0.266,0.287,0.312,0.243,0.246,0.251,,,0.276,1.0,0.265,0.302,0.305,0.242,0.349,0.261,0.302,,0.222,0.266,0.278,0.321,0.263,0.219,0.236,0.249,,0.298,0.265,0.256,0.299,0.229,0.243,0.259,0.268,0.31,0.256,0.239,0.293,0.28,0.245,0.256
LD_S_small_,0.18,0.244,0.236,,0.223,0.267,0.151,0.213,0.298,0.277,0.205,0.241,0.315,0.214,0.237,0.223,0.22,0.27,0.243,0.256,0.25,0.259,0.157,0.301,0.221,0.201,0.225,0.212,0.249,0.271,0.282,0.252,0.305,0.279,0.221,0.227,0.185,,,0.272,0.265,1.0,0.185,0.219,0.24,0.343,0.273,0.263,,0.253,0.232,0.214,0.218,0.28,0.197,0.188,0.271,,0.251,0.268,0.197,0.221,0.213,0.228,0.201,0.462,0.275,0.243,0.235,0.242,0.192,0.211,0.222
BBS_F_BK_,0.259,0.31,0.224,,0.197,0.296,0.277,0.253,0.16,0.209,0.225,0.259,0.291,0.164,0.328,0.163,0.283,0.201,0.213,0.273,0.209,0.222,0.201,0.161,0.165,0.27,0.368,0.277,0.254,0.126,0.276,0.327,0.226,0.31,0.243,0.254,0.228,,,0.162,0.302,0.185,1.0,0.174,0.187,0.264,0.285,0.233,,0.198,0.283,0.25,0.217,0.218,0.356,0.214,0.268,,0.149,0.233,0.282,0.269,0.232,0.216,0.473,0.228,0.321,0.208,0.312,0.348,0.401,0.365,0.274
SS_F_LT_,0.223,0.247,0.337,,0.18,0.273,0.206,0.25,0.394,0.215,0.211,0.243,0.275,0.389,0.278,0.256,0.252,0.221,0.217,0.248,0.283,0.261,0.241,0.236,0.304,0.218,0.218,0.277,0.327,0.323,0.287,0.253,0.38,0.225,0.332,0.158,0.294,,,0.3,0.305,0.219,0.174,1.0,0.212,0.235,0.249,0.24,,0.337,0.219,0.22,0.32,0.338,0.251,0.241,0.262,,0.304,0.319,0.195,0.29,0.231,0.225,0.212,0.286,0.219,0.23,0.251,0.238,0.219,0.228,0.227
RV_R_S_,0.195,0.226,0.252,,0.209,0.246,0.162,0.194,0.249,0.232,0.205,0.276,0.236,0.179,0.231,0.205,0.201,0.235,0.229,0.261,0.222,0.213,0.175,0.264,0.246,0.233,0.173,0.176,0.22,0.191,0.219,0.192,0.288,0.237,0.197,0.23,0.195,,,0.215,0.242,0.24,0.187,0.212,1.0,0.251,0.254,0.204,,0.232,0.237,0.18,0.197,0.217,0.193,0.301,0.243,,0.237,0.243,0.194,0.212,0.206,0.247,0.216,0.223,0.262,0.237,0.192,0.232,0.189,0.223,0.211
LU_S_big_,0.169,0.238,0.222,,0.217,0.287,0.155,0.285,0.277,0.244,0.247,0.27,0.593,0.231,0.305,0.234,0.217,0.277,0.275,0.276,0.259,0.295,0.193,0.316,0.256,0.21,0.255,0.237,0.244,0.255,0.204,0.267,0.318,0.269,0.284,0.234,0.214,,,0.226,0.349,0.343,0.264,0.235,0.251,1.0,0.288,0.253,,0.261,0.236,0.235,0.251,0.274,0.216,0.218,0.245,,0.268,0.25,0.21,0.246,0.246,0.248,0.247,0.257,0.28,0.262,0.238,0.294,0.217,0.225,0.236
CU_R_WA_,0.263,0.277,0.265,,0.232,0.263,0.2,0.226,0.218,0.267,0.223,0.283,0.282,0.167,0.293,0.169,0.232,0.252,0.289,0.269,0.269,0.258,0.179,0.265,0.222,0.259,0.31,0.28,0.238,0.203,0.286,0.301,0.29,0.321,0.264,0.242,0.237,,,0.232,0.261,0.273,0.285,0.249,0.254,0.288,1.0,0.279,,0.259,0.256,0.221,0.214,0.296,0.328,0.264,0.31,,0.227,0.25,0.25,0.25,0.258,0.246,0.34,0.253,0.382,0.266,0.316,0.311,0.348,0.35,0.259
SJ_FT_,0.27,0.26,0.3,,0.193,0.326,0.243,0.212,0.31,0.255,0.232,0.275,0.241,0.271,0.29,0.218,0.28,0.261,0.321,0.278,0.273,0.277,0.228,0.234,0.317,0.261,0.199,0.292,0.277,0.275,0.342,0.247,0.307,0.247,0.284,0.245,0.269,,,0.289,0.302,0.263,0.233,0.24,0.204,0.253,0.279,1.0,,0.245,0.26,0.279,0.262,0.302,0.262,0.214,0.27,,0.282,0.31,0.227,0.269,0.255,0.234,0.277,0.311,0.283,0.289,0.265,0.268,0.277,0.286,0.266
BSS_F_BK_,0.268,0.234,0.184,,0.16,0.218,0.269,0.263,0.201,0.183,0.198,0.26,0.236,0.199,0.253,0.172,0.182,0.249,0.179,0.219,0.162,0.237,0.27,0.203,0.164,0.25,0.267,0.268,0.211,0.193,0.222,0.275,0.22,0.316,0.185,0.204,0.237,,,0.231,0.226,0.234,0.401,0.224,0.225,0.225,0.306,0.214,,0.182,0.2,0.206,0.219,0.221,0.362,0.222,0.252,,0.169,0.227,0.296,0.249,0.171,0.174,0.384,0.223,0.306,0.176,0.248,0.304,0.427,0.42,0.214
SS_F_RT_,0.156,0.306,0.34,,0.181,0.274,0.262,0.234,0.298,0.219,0.195,0.18,0.278,0.308,0.268,0.22,0.255,0.282,0.221,0.232,0.236,0.272,0.192,0.233,0.239,0.191,0.215,0.283,0.355,0.345,0.304,0.275,0.305,0.234,0.312,0.197,0.226,,,0.301,0.222,0.253,0.198,0.337,0.232,0.261,0.259,0.245,,1.0,0.24,0.264,0.32,0.361,0.223,0.227,0.246,,0.275,0.353,0.19,0.231,0.244,0.244,0.175,0.326,0.261,0.249,0.249,0.29,0.218,0.221,0.221
TL_F_,0.22,0.269,0.254,,0.203,0.22,0.26,0.277,0.261,0.351,0.238,0.276,0.213,0.245,0.267,0.228,0.271,0.236,0.256,0.302,0.243,0.241,0.236,0.277,0.251,0.357,0.257,0.234,0.22,0.253,0.246,0.305,0.265,0.25,0.253,0.232,0.253,,,0.227,0.266,0.232,0.283,0.219,0.237,0.236,0.256,0.26,,0.24,1.0,0.211,0.248,0.255,0.273,0.238,0.288,,0.248,0.248,0.289,0.266,0.321,0.264,0.277,0.204,0.279,0.239,0.241,0.296,0.271,0.27,0.239
LD_F_small_,0.187,0.223,0.269,,0.209,0.264,0.216,0.251,0.264,0.206,0.215,0.265,0.216,0.275,0.23,0.184,0.221,0.218,0.265,0.187,0.208,0.205,0.197,0.238,0.229,0.214,0.253,0.249,0.204,0.239,0.233,0.263,0.212,0.27,0.253,0.192,0.219,,,0.255,0.278,0.214,0.25,0.22,0.18,0.235,0.221,0.279,,0.264,0.211,1.0,0.235,0.255,0.237,0.166,0.203,,0.268,0.225,0.181,0.244,0.252,0.36,0.284,0.235,0.272,0.294,0.235,0.217,0.292,0.259,0.238
BS_F_LT_,0.198,0.27,0.382,,0.199,0.318,0.234,0.269,0.367,0.227,0.201,0.225,0.245,0.326,0.286,0.196,0.305,0.201,0.301,0.219,0.248,0.267,0.298,0.278,0.28,0.226,0.31,0.273,0.305,0.352,0.245,0.272,0.36,0.233,0.313,0.186,0.22,,,0.305,0.321,0.218,0.217,0.32,0.197,0.251,0.214,0.262,,0.32,0.248,0.235,1.0,0.323,0.229,0.232,0.259,,0.307,0.258,0.219,0.255,0.212,0.261,0.239,0.315,0.232,0.289,0.256,0.285,0.222,0.232,0.235
BS_S_LT_,0.233,0.293,0.375,,0.184,0.287,0.211,0.262,0.369,0.266,0.225,0.27,0.291,0.269,0.29,0.259,0.279,0.217,0.259,0.233,0.28,0.304,0.27,0.283,0.29,0.277,0.222,0.308,0.28,0.352,0.264,0.257,0.352,0.237,0.311,0.216,0.303,,,0.373,0.263,0.28,0.218,0.338,0.217,0.274,0.296,0.302,,0.361,0.255,0.255,0.323,1.0,0.245,0.249,0.271,,0.318,0.312,0.229,0.294,0.297,0.228,0.209,0.331,0.277,0.272,0.248,0.271,0.231,0.219,0.25
BSS_S_FT_,0.257,0.304,0.253,,0.191,0.282,0.215,0.275,0.139,0.252,0.272,0.297,0.29,0.212,0.321,0.167,0.286,0.221,0.238,0.245,0.242,0.252,0.301,0.191,0.169,0.273,0.417,0.293,0.22,0.183,0.328,0.333,0.203,0.371,0.242,0.245,0.208,,,0.209,0.219,0.197,0.356,0.251,0.193,0.216,0.328,0.262,,0.223,0.273,0.237,0.229,0.245,1.0,0.278,0.287,,0.178,0.281,0.272,0.281,0.296,0.262,0.337,0.224,0.335,0.276,0.218,0.378,0.359,0.438,0.258
RV_R_F_,0.194,0.264,0.25,,0.211,0.256,0.16,0.242,0.231,0.235,0.242,0.232,0.237,0.196,0.231,0.18,0.242,0.234,0.245,0.278,0.248,0.238,0.184,0.226,0.244,0.25,0.251,0.228,0.22,0.215,0.236,0.242,0.282,0.239,0.243,0.248,0.203,,,0.231,0.236,0.188,0.214,0.241,0.301,0.218,0.264,0.214,,0.227,0.238,0.166,0.232,0.249,0.278,1.0,0.296,,0.257,0.22,0.262,0.28,0.237,0.217,0.256,0.223,0.26,0.239,0.231,0.245,0.203,0.233,0.251
SB_R_WA_,0.249,0.268,0.25,,0.198,0.255,0.28,0.244,0.237,0.222,0.235,0.261,0.272,0.207,0.275,0.242,0.238,0.233,0.242,0.259,0.241,0.248,0.308,0.252,0.246,0.273,0.272,0.281,0.264,0.227,0.277,0.315,0.28,0.281,0.289,0.244,0.256,,,0.304,0.249,0.271,0.268,0.262,0.243,0.245,0.31,0.27,,0.246,0.288,0.203,0.259,0.271,0.287,0.296,1.0,,0.26,0.232,0.25,0.351,0.219,0.258,0.307,0.279,0.314,0.258,0.255,0.305,0.273,0.3,0.227
SS_F_FT_,0.213,0.214,0.351,,0.172,0.245,0.258,0.227,0.297,0.214,0.203,0.19,0.225,0.34,0.226,0.207,0.256,0.238,0.226,0.193,0.251,0.242,0.245,0.248,0.238,0.224,0.193,0.247,0.311,0.291,0.23,0.268,0.282,0.248,0.255,0.218,0.227,,,0.324,0.292,0.238,0.221,0.348,0.221,0.19,0.231,0.296,,0.224,0.24,0.243,0.295,0.287,0.225,0.219,0.238,,0.275,0.25,0.236,0.244,0.228,0.174,0.24,0.208,0.235,0.229,0.213,0.256,0.244,0.216,0.251
SS_S_BK_,0.204,0.292,0.297,,0.201,0.265,0.155,0.265,0.329,0.243,0.202,0.243,0.285,0.317,0.294,0.265,0.278,0.216,0.236,0.265,0.23,0.338,0.276,0.296,0.301,0.248,0.218,0.265,0.297,0.375,0.279,0.285,0.316,0.239,0.35,0.234,0.262,,,0.376,0.298,0.251,0.149,0.304,0.237,0.268,0.227,0.282,,0.275,0.248,0.268,0.307,0.318,0.178,0.257,0.26,,1.0,0.336,0.242,0.283,0.239,0.252,0.191,0.304,0.268,0.261,0.242,0.295,0.193,0.193,0.238
SS_S_FT_,0.206,0.281,0.291,,0.183,0.282,0.193,0.236,0.29,0.263,0.235,0.253,0.24,0.223,0.256,0.244,0.226,0.254,0.245,0.244,0.214,0.334,0.252,0.291,0.286,0.241,0.193,0.255,0.291,0.355,0.277,0.292,0.294,0.23,0.312,0.197,0.24,,,0.299,0.265,0.268,0.233,0.319,0.243,0.25,0.25,0.31,,0.353,0.248,0.225,0.258,0.312,0.281,0.22,0.232,,0.336,1.0,0.212,0.325,0.245,0.258,0.185,0.292,0.277,0.233,0.195,0.261,0.236,0.203,0.247
TB_S_FB_,0.391,0.259,0.206,,0.218,0.263,0.178,0.269,0.19,0.265,0.25,0.242,0.194,0.223,0.269,0.184,0.283,0.191,0.188,0.263,0.244,0.184,0.205,0.194,0.175,0.275,0.303,0.24,0.189,0.174,0.177,0.242,0.229,0.29,0.197,0.562,0.248,,,0.206,0.256,0.197,0.282,0.195,0.194,0.21,0.25,0.227,,0.19,0.289,0.181,0.219,0.229,0.272,0.262,0.25,,0.242,0.212,1.0,0.258,0.247,0.196,0.28,0.212,0.248,0.23,0.228,0.258,0.257,0.31,0.259
SB_R_NA_,0.252,0.252,0.23,,0.208,0.236,0.183,0.27,0.246,0.262,0.254,0.253,0.285,0.205,0.293,0.241,0.274,0.203,0.237,0.265,0.237,0.255,0.227,0.264,0.272,0.25,0.286,0.293,0.269,0.242,0.27,0.263,0.299,0.291,0.298,0.213,0.273,,,0.272,0.299,0.221,0.269,0.29,0.212,0.246,0.25,0.269,,0.231,0.266,0.244,0.255,0.294,0.281,0.28,0.351,,0.283,0.325,0.258,1.0,0.258,0.266,0.275,0.246,0.298,0.234,0.257,0.299,0.269,0.267,0.241
TOS_F_,0.241,0.239,0.255,,0.183,0.257,0.19,0.192,0.255,0.234,0.214,0.243,0.244,0.223,0.236,0.212,0.213,0.201,0.239,0.256,0.322,0.277,0.194,0.209,0.264,0.328,0.224,0.22,0.253,0.215,0.289,0.236,0.283,0.29,0.258,0.219,0.266,,,0.248,0.229,0.213,0.232,0.231,0.206,0.246,0.258,0.255,,0.244,0.321,0.252,0.212,0.297,0.296,0.237,0.219,,0.239,0.245,0.247,0.258,1.0,0.216,0.202,0.252,0.279,0.251,0.226,0.285,0.178,0.216,0.249
LU_F_big_,0.177,0.267,0.259,,0.2,0.261,0.237,0.278,0.239,0.242,0.241,0.261,0.261,0.238,0.224,0.262,0.192,0.221,0.275,0.245,0.262,0.275,0.193,0.249,0.248,0.211,0.227,0.271,0.265,0.28,0.208,0.251,0.221,0.246,0.289,0.21,0.211,,,0.281,0.243,0.228,0.216,0.225,0.247,0.248,0.246,0.234,,0.244,0.264,0.36,0.261,0.228,0.262,0.217,0.258,,0.252,0.258,0.196,0.266,0.216,1.0,0.222,0.246,0.24,0.258,0.223,0.23,0.265,0.24,0.218
BSS_S_BK_,0.253,0.279,0.232,,0.188,0.267,0.3,0.264,0.17,0.2,0.247,0.28,0.279,0.199,0.336,0.192,0.288,0.213,0.269,0.255,0.214,0.234,0.277,0.209,0.196,0.254,0.383,0.307,0.276,0.147,0.291,0.314,0.272,0.311,0.234,0.235,0.25,,,0.209,0.259,0.201,0.473,0.212,0.216,0.247,0.34,0.277,,0.175,0.277,0.284,0.239,0.209,0.337,0.256,0.307,,0.191,0.185,0.28,0.275,0.202,0.222,1.0,0.248,0.278,0.271,0.293,0.302,0.445,0.398,0.277
TA_,0.198,0.264,0.298,,0.181,0.277,0.221,0.261,0.321,0.225,0.21,0.217,0.34,0.286,0.284,0.215,0.2,0.229,0.266,0.216,0.242,0.325,0.201,0.268,0.235,0.228,0.198,0.258,0.31,0.327,0.283,0.272,0.314,0.222,0.235,0.214,0.306,,,0.298,0.268,0.462,0.228,0.286,0.223,0.257,0.253,0.311,,0.326,0.204,0.235,0.315,0.331,0.224,0.223,0.279,,0.304,0.292,0.212,0.246,0.252,0.246,0.248,1.0,0.291,0.281,0.231,0.236,0.211,0.243,0.232
CU_R_NA_,0.243,0.305,0.251,,0.226,0.287,0.222,0.221,0.241,0.242,0.28,0.309,0.311,0.167,0.314,0.189,0.293,0.244,0.27,0.28,0.296,0.304,0.232,0.281,0.235,0.32,0.314,0.309,0.273,0.234,0.305,0.34,0.274,0.335,0.268,0.27,0.208,,,0.256,0.31,0.275,0.321,0.219,0.262,0.28,0.382,0.283,,0.261,0.279,0.272,0.232,0.277,0.335,0.26,0.314,,0.268,0.277,0.248,0.298,0.279,0.24,0.278,0.291,1.0,0.279,0.263,0.342,0.347,0.363,0.251
BJ_LT_,0.219,0.298,0.293,,0.195,0.269,0.196,0.244,0.25,0.223,0.202,0.241,0.313,0.251,0.255,0.225,0.275,0.22,0.321,0.257,0.248,0.259,0.201,0.238,0.276,0.248,0.284,0.291,0.265,0.221,0.29,0.258,0.303,0.248,0.262,0.209,0.272,,,0.239,0.256,0.243,0.208,0.23,0.237,0.262,0.266,0.289,,0.249,0.239,0.294,0.289,0.272,0.276,0.239,0.258,,0.261,0.233,0.23,0.234,0.251,0.258,0.271,0.281,0.279,1.0,0.235,0.228,0.239,0.257,0.248
SJ_RT_,0.237,0.301,0.217,,0.189,0.307,0.2,0.222,0.308,0.23,0.231,0.235,0.266,0.273,0.231,0.197,0.268,0.228,0.212,0.229,0.217,0.252,0.195,0.219,0.209,0.235,0.266,0.304,0.332,0.263,0.252,0.298,0.289,0.268,0.25,0.178,0.247,,,0.251,0.239,0.235,0.312,0.251,0.192,0.238,0.316,0.265,,0.249,0.241,0.235,0.256,0.248,0.218,0.231,0.255,,0.242,0.195,0.228,0.257,0.226,0.223,0.293,0.231,0.263,0.235,1.0,0.262,0.248,0.295,0.288
FR_R_NA_,0.263,0.286,0.259,,0.203,0.271,0.224,0.279,0.232,0.256,0.252,0.261,0.24,0.238,0.319,0.22,0.287,0.238,0.246,0.268,0.298,0.236,0.205,0.281,0.231,0.28,0.404,0.28,0.242,0.231,0.267,0.346,0.312,0.454,0.253,0.258,0.205,,,0.229,0.293,0.242,0.348,0.238,0.232,0.294,0.311,0.268,,0.29,0.296,0.217,0.285,0.271,0.378,0.245,0.305,,0.295,0.261,0.258,0.299,0.285,0.23,0.302,0.236,0.342,0.228,0.262,1.0,0.291,0.343,0.245
BBS_S_BK_,0.281,0.295,0.199,,0.174,0.262,0.24,0.263,0.208,0.245,0.251,0.268,0.258,0.17,0.323,0.188,0.27,0.188,0.239,0.204,0.254,0.216,0.249,0.186,0.19,0.268,0.34,0.324,0.222,0.189,0.253,0.298,0.234,0.328,0.22,0.232,0.262,,,0.208,0.28,0.192,0.401,0.219,0.189,0.217,0.348,0.277,,0.218,0.271,0.292,0.222,0.231,0.359,0.203,0.273,,0.193,0.236,0.257,0.269,0.178,0.265,0.445,0.211,0.347,0.239,0.248,0.291,1.0,0.374,0.271
BBS_F_FT_,0.249,0.249,0.254,,0.193,0.256,0.274,0.313,0.227,0.205,0.266,0.273,0.255,0.241,0.28,0.187,0.277,0.257,0.243,0.246,0.221,0.217,0.271,0.19,0.156,0.241,0.405,0.329,0.238,0.182,0.261,0.255,0.255,0.328,0.238,0.244,0.261,,,0.207,0.245,0.211,0.365,0.228,0.223,0.225,0.35,0.286,,0.221,0.27,0.259,0.232,0.219,0.438,0.233,0.3,,0.193,0.203,0.31,0.267,0.216,0.24,0.398,0.243,0.363,0.257,0.295,0.343,0.374,1.0,0.259
BJ_RT_,0.206,0.258,0.259,,0.197,0.274,0.186,0.222,0.308,0.241,0.261,0.266,0.253,0.258,0.258,0.188,0.275,0.225,0.278,0.238,0.241,0.236,0.18,0.207,0.251,0.268,0.219,0.232,0.235,0.215,0.266,0.232,0.237,0.273,0.241,0.256,0.201,,,0.241,0.256,0.222,0.274,0.227,0.211,0.236,0.259,0.266,,0.221,0.239,0.238,0.235,0.25,0.258,0.251,0.227,,0.238,0.247,0.259,0.241,0.249,0.218,0.277,0.232,0.251,0.248,0.288,0.245,0.271,0.259,1.0
